97.5
#
# from slope
#
#
5
90.000 1.000
3 4.240000
 0.000000, 0.037740 0.996113, 0.035380 1.000000, 0.035389
2 4.240000
 0.000000, 0.035389 1.000000, 0.037726
5 8.490000
 0.000000, 0.037726 0.003027, 0.037740 0.500497, 0.056470 0.997967, 0.070750 1.000000, 0.070760
5 16.969999
 0.000000, 0.070760 0.251321, 0.073110 0.500203, 0.075470 0.749084, 0.068240 1.000000, 0.051982
9 24.720001
 0.000000, 0.051982 0.000977, 0.051890 0.171831, 0.046670 0.292853, 0.043330 0.413875, 0.033330 0.534896, 0.037740 0.708124, 0.030000 0.829146, 0.033020 1.000000, 0.033020

