
458 
FOUS34 KWNO 241200
ECSNE1
KBAF   ECM MOS GUIDANCE    2/24/2020  1200 UTC
DT /FEB  24/FEB  25                /FEB  26                /FEB  27
HR   18 21 00 03 06 09 12 15 18 21 00 03 06 09 12 15 18 21 00 06 12
N/X                    34          52          36          43    36
TMP  56 55 47 41 37 36 36 44 49 49 45 41 39 38 38 39 40 41 41 41 39
DPT  27 26 29 31 31 31 31 32 32 32 34 36 35 34 34 34 35 36 35 34 32
CLD  CL CL BK OV OV OV OV OV OV OV OV OV OV OV OV OV OV OV OV OV OV
WDR  19 20 16 00 00 00 00 06 07 04 04 03 02 02 02 02 03 02 04 04 05
WSP  06 07 03 00 00 00 00 01 02 02 01 02 03 04 04 05 05 05 05 08 07
P06         0     0     0     1     7    75    38    37    22 40100
P12                     0           9          86          49   100
Q06         0     0     0     0     0     1     0     0     0  1  4
Q12                     0           0           2           1     4
T06      0/ 0  0/ 0  0/ 0  0/ 0  0/ 0  3/ 0  0/ 0  0/ 0  0/ 0  6/ 2
T12            0/ 0        0/ 2        3/ 0        0/ 0     0/ 0
POZ   1  0  1  1  1  4  4  1  1  1  1  1  1  4  5  2  1  1  2  2  2
POS  12 10  0  0  0 17 13  0  0  0  0  0  2 18 15  2  1  0 19  2  1
TYP   R  R  R  R  R  R  R  R  R  R  R  R  R  R  R  R  R  R  R  R  R
SNW                     0                       0                 1

KBCB   ECM MOS GUIDANCE    2/24/2020  1200 UTC
DT /FEB  24/FEB  25                /FEB  26                /FEB  27
HR   18 21 00 03 06 09 12 15 18 21 00 03 06 09 12 15 18 21 00 06 12
N/X                    39          62          38          63    30
TMP  44 47 43 41 40 41 42 51 58 61 53 48 43 40 38 51 61 60 50 38 31
DPT  33 36 37 39 40 41 42 47 48 48 46 45 43 40 38 45 45 43 40 31 23
CLD  OV OV OV OV OV OV OV OV BK BK OV OV OV OV OV BK BK OV OV OV OV
WDR  22 17 13 13 00 12 00 25 26 26 26 00 28 28 00 14 17 23 28 29 29
WSP  03 04 02 01 00 01 00 04 06 05 02 00 01 01 00 02 04 05 07 12 15
P06        24    97    88    19     1     1     0     4    73 74 19
P12                    97          19           1          73    74
Q06         0     1     2     0     0     0     0     0     2  1  0
Q12                     2           0           0           2     1
T06      0/ 2  1/ 0  3/ 0  0/ 1  1/ 8  2/ 0  0/ 0  0/ 2  5/19  0/ 1
T12            1/ 7        3/ 1        2/10        0/ 2     9/23
POZ   0  1  2  2  2  3  4  3  2  2  2  2  3  3  3  3  2  1  2  1  3
POS   7  0  0  0  0  0  0  0  0  0  0  0  0  0  0  0  0 12 33 88 97
TYP   R  R  R  R  R  R  R  R  R  R  R  R  R  R  R  R  R  R  R  S  S
SNW                     0                       0                 0

KBDL   ECM MOS GUIDANCE    2/24/2020  1200 UTC
DT /FEB  24/FEB  25                /FEB  26                /FEB  27
HR   18 21 00 03 06 09 12 15 18 21 00 03 06 09 12 15 18 21 00 06 12
N/X                    36          52          36          43    37
TMP  58 59 50 43 39 38 38 44 50 50 45 41 38 38 37 39 41 41 39 41 40
DPT  27 27 30 31 32 32 32 34 34 35 36 37 36 35 34 35 37 37 37 35 33
CLD  FW FW BK OV OV OV OV OV OV OV OV OV OV OV OV OV OV OV OV OV OV
WDR  19 18 18 17 16 13 00 05 06 06 03 03 01 01 01 01 03 03 03 03 05
WSP  07 07 05 03 02 01 00 01 02 03 03 03 04 05 05 06 05 05 06 09 07
P06         0     0     0     2     8    77    39    35    18 38100
P12                     0          10          87          47   100
Q06         0     0     0     0     0     2     0     0     0  1  4
Q12                     0           0           2           1     4
T06      0/ 0  0/ 0  0/ 0  0/ 0  0/ 0  2/ 0  0/ 0  0/ 0  0/ 0 12/ 2
T12            0/ 0        0/ 2        2/ 0        1/ 0     0/ 0
POZ   0  1  1  1  1  1  2  1  1  1  1  1  1  4  4  2  1  1  1  1  2
POS   0  0  0  0  0  0  0  0  0  0  0  0  1 17 13  0  0  0  1  1  1
TYP   R  R  R  R  R  R  R  R  R  R  R  R  R  R  R  R  R  R  R  R  R
SNW                     0                       0                 1

 
