127 
FOPA40 KWNO 260000
METPA0
^^PHSF   NAM MOS GUIDANCE    1/26/2018  0000 UTC
DT /JAN  26            /JAN  27                /JAN  28          /
HR   06 09 12 15 18 21 00 03 06 09 12 15 18 21 00 03 06 09 12 18 00
X/N                    66          45          67          43    68
TMP  55 53 52 51 54 63 63 59 55 51 48 48 54 64 63 58 52 50 48 55 64
DPT  46 45 45 46 46 48 51 52 49 43 40 38 41 44 50 52 41 40 35 37 51
CLD  OV OV OV OV OV FW OV OV OV OV OV OV BK OV OV OV OV OV OV OV OV
WDR  16 15 15 13 14 22 23 24 28 08 14 12 12 24 24 26 29 10 14 14 22
WSP  04 04 06 06 04 07 10 05 02 02 03 04 03 06 08 05 01 02 03 03 09
P06        28    56    12    13     8    11    13    13    13 11  4
P12              56          19          11          16       18
Q06         1     5     0     0     0     5     0     0     0  5  0
Q12               5           0           5           0        5
CIG   8  8  7  7  7  8  8  6  8  8  8  8  8  8  7  6  6  7  8  8  7
VIS   5  7  3  7  7  7  7  7  4  7  7  7  7  7  7  7  4  7  7  7  7
OBV  HZ  N BR  N  N  N  N  N BR  N  N  N  N  N  N  N BR  N  N  N  N

^^PHTO   NAM MOS GUIDANCE    1/26/2018  0000 UTC
DT /JAN  26            /JAN  27                /JAN  28          /
HR   06 09 12 15 18 21 00 03 06 09 12 15 18 21 00 03 06 09 12 18 00
X/N                    79          65          80          66    80
TMP  71 70 70 69 69 75 77 75 72 69 68 68 68 77 78 75 72 70 68 68 78
DPT  68 68 68 67 67 69 69 68 68 67 64 63 63 67 68 67 67 66 64 63 67
CLD  OV OV OV OV OV OV OV OV OV OV OV OV OV OV OV OV OV OV OV OV OV
WDR  23 20 20 21 22 14 12 12 21 21 21 22 22 12 09 09 28 20 21 23 10
WSP  04 04 04 04 04 07 09 07 03 04 04 04 04 06 07 05 03 03 05 05 08
P06        89    59    33    28    22    16    44    37    38 28 33
P12              89          36          22          48       41
Q06         5     5     1     5     0     0     1     5     1  0  2
Q12               6           6           0           2        1
CIG   3  4  3  3  4  5  5  5  6  6  5  5  6  5  5  4  3  5  5  5  6
VIS   5  5  3  5  3  7  7  7  7  7  7  7  7  7  5  7  7  7  7  7  7
OBV  BR BR BR BR BR  N  N  N  N  N  N  N  N  N  N  N  N  N  N  N  N

^^PMDY   NAM MOS GUIDANCE    1/26/2018  0000 UTC
DT /JAN  26            /JAN  27                /JAN  28          /
HR   06 09 12 15 18 21 00 03 06 09 12 15 18 21 00 03 06 09 12 18 00

 
