906 
FOUS46 KWNO 121200
METNC1
KFOZ   NAM MOS GUIDANCE    8/12/2017  1200 UTC
DT /AUG  12/AUG  13                /AUG  14                /AUG  15
HR   18 21 00 03 06 09 12 15 18 21 00 03 06 09 12 15 18 21 00 06 12
N/X                    47          68          47          71    47
TMP  75 78 74 58 52 49 50 65 67 64 60 53 50 49 49 58 66 71 68 52 49
DPT  46 46 49 48 46 45 47 53 52 53 53 49 48 47 47 53 54 54 56 52 49
CLD  CL CL CL CL FW SC SC SC OV OV OV OV OV OV OV OV SC SC FW SC BK
WDR  23 20 21 12 00 00 00 20 19 16 15 11 10 07 06 03 05 06 07 11 11
WSP  04 03 01 01 00 00 00 03 06 08 05 02 02 01 01 03 04 04 03 01 03
P06         2     3     4     9    39    20    11     5     3  5 10
P12                     6          39          30           8    13
Q06         0     0     0     0     1     0     0     0     0  0  0
Q12                     0           0           0           0     0
T06      3/ 0  1/ 0  1/ 0  3/ 0 14/ 0  2/ 0  2/ 0  2/ 1  3/ 1  2/ 1
T12            3/ 0        3/ 0       16/ 0        3/ 1     4/ 1
CIG   8  8  8  8  8  8  8  8  7  6  6  6  3  1  1  3  8  8  8  8  3
VIS   7  7  7  7  7  7  7  7  7  7  7  7  7  2  1  7  7  7  7  7  1
OBV   N  N  N  N  N  N  N  N  N  N  N  N  N FG FG BR  N  N  N  N FG

KFPK   NAM MOS GUIDANCE    8/12/2017  1200 UTC
DT /AUG  12/AUG  13                /AUG  14                /AUG  15
HR   18 21 00 03 06 09 12 15 18 21 00 03 06 09 12 15 18 21 00 06 12
N/X                    52          78          57          80    56
TMP  70 71 68 62 57 54 56 70 76 77 73 64 61 59 61 72 77 78 74 60 61
DPT  60 59 59 59 56 53 54 56 54 54 56 58 57 57 58 60 58 57 59 59 59
CLD  OV BK BK BK SC CL CL CL CL FW BK BK OV OV OV BK BK BK BK OV SC
WDR  31 32 31 31 34 00 00 20 02 12 15 14 15 18 17 20 20 20 21 00 15
WSP  08 06 04 01 01 00 00 01 02 03 02 01 01 02 02 05 05 04 02 00 01
P06        24     2     4     5     3     6    10     9     6  9 11
P12                     6           5          11          13    15
Q06         0     0     0     0     0     0     0     0     0  0  0
Q12                     0           0           0           0     0
T06     25/ 7  1/ 3  0/ 0  0/ 2  0/ 7  1/ 7  0/ 1  1/ 7  8/18  3/ 1
T12           25/ 8        0/ 2        1/ 7        1/ 7     8/18
CIG   5  6  7  8  8  8  8  8  8  8  8  8  7  8  8  7  7  8  8  7  8
VIS   7  7  7  7  7  3  1  7  7  7  7  7  7  4  5  7  7  7  7  5  1
OBV   N  N  N  N  N BR FG  N  N  N  N  N  N BR BR  N  N  N  N BR FG

KFRM   NAM MOS GUIDANCE    8/12/2017  1200 UTC
DT /AUG  12/AUG  13                /AUG  14                /AUG  15
HR   18 21 00 03 06 09 12 15 18 21 00 03 06 09 12 15 18 21 00 06 12
N/X                    59          70          53          68    59
TMP  73 75 72 66 63 61 60 59 65 69 68 62 59 56 54 58 63 66 65 60 60
DPT  56 55 55 54 53 53 52 52 56 59 60 57 54 52 51 53 55 57 57 58 58
CLD  SC BK SC BK BK OV OV OV OV OV OV OV OV OV OV OV OV SC SC OV OV
WDR  36 14 13 13 13 14 16 16 16 16 16 19 16 19 01 35 32 02 05 11 12
WSP  02 03 04 05 06 06 10 12 13 13 09 06 07 05 05 06 06 06 07 04 06
P06         2     3    24    66    28    42     9     8     8  6 20
P12                    24          66          65          13    30
Q06         0     0     0     3     0     1     0     0     0  0  0
Q12                     0           2           1           0     0
T06      0/ 5  2/ 4  4/ 1 17/ 1 21/17 36/13 15/ 3  6/ 1  9/12 16/ 1
T12            2/ 5       19/ 1       41/17       15/ 4    18/12
CIG   8  8  8  8  8  7  7  4  4  6  6  5  3  2  1  4  4  6  8  6  1
VIS   7  7  7  7  7  7  7  5  5  7  7  5  5  2  3  5  7  7  7  5  2
OBV   N  N  N  N  N  N  N HZ BR  N  N BR BR BR BR BR  N  N  N BR FG

KFSD   NAM MOS GUIDANCE    8/12/2017  1200 UTC
DT /AUG  12/AUG  13                /AUG  14                /AUG  15
HR   18 21 00 03 06 09 12 15 18 21 00 03 06 09 12 15 18 21 00 06 12
N/X                    64          75          49          73    67
TMP  77 80 77 70 68 67 65 64 70 74 71 60 56 52 50 57 66 72 72 69 67
DPT  56 55 55 55 56 58 59 62 63 62 61 58 55 52 50 51 54 57 58 63 64
CLD  OV BK BK OV OV OV OV OV OV SC SC SC FW FW OV OV BK BK OV OV OV
WDR  17 16 15 15 13 13 15 20 29 32 35 03 04 05 05 06 08 09 09 13 15
WSP  07 09 11 12 11 12 11 08 08 06 07 06 05 06 05 06 07 08 08 11 07
P06         2    12    70    14     2     9     4     6    18 25 37
P12                    70          15          17          18    54
Q06         0     0     3     0     0     0     0     0     0  0  3
Q12                     3           0           0           0     4
T06      2/16 25/15 39/ 3 14/ 6  7/13 14/11  8/ 1  5/ 8 21/17 34/ 2
T12           25/16       45/ 7       21/13       11/ 8    43/17
CIG   7  8  8  8  7  3  2  3  4  8  8  8  6  5  2  5  8  8  5  4  2
VIS   7  7  7  7  7  6  5  5  7  7  7  7  7  7  7  7  7  7  7  7  3
OBV   N  N  N  N  N  N  N BR  N  N  N  N  N  N  N  N  N  N  N  N BR

 
