
832 
FOUS16 KWNO 191200
NBSUSA
46083   NBM V3.2 NBS GUIDANCE    2/19/2020  1200 UTC
DT /FEB  19/FEB  20                /FEB  21                /FEB  22
UTC  18 21 00 03 06 09 12 15 18 21 00 03 06 09 12 15 18 21 00 03 06 09 12
FHR  06 09 12 15 18 21 24 27 30 33 36 39 42 45 48 51 54 57 60 63 66 69 72
N/X        41          38          43          38          40          34
TMP  40 40 39 40 39 39 40 39 38 40 42 41 41 40 40 39 38 38 37 37 36 36 36
DPT  34 34 35 34 33 34 34 36 37 38 40 38 37 37 35 34 32 31 30 28 28 27 26
SKY  57 67 66 53 65 71 88 98100 99 98 89 81 92 93 88 95 93 84 90 80 88 76
WDR  19 19 21 22 21 20 17 15 14 16 19 20 20 21 23 23 24 24 25 25 25 24 23
WSP  17 18 18 17 16 17 19 27 34 30 20 19 20 20 21 19 19 17 17 18 18 17 14
GST  23 22 21 20 21 21 24 33 46 43 31 27 28 27 26 23 23 21 21 22 22 20 16
P06  55    71    88    88    99   100   100    97    98    96    98    93
P12        78          88         100         100          98          98
Q06   2     5     3     2    28    34    11     9     7     6     5     5
Q12         7           5          62          20          13          10
DUR         1           2          12         999         999         999
T03   7 10  9  8  8  8  7  5  0  0  0  6  9  8  8  0  0  6  7  7  6  6  0
T12        21          19           9          21          16          16
PZR   0  0  0  0  0  0  0  0  0  0  0  0  0  0  0  0  0  0  0  0  0  0  0
PSN   0  0 17  0  0  0  0  0 43  0  0  0  0  0  0  0  7 21 53 93100 57 80
PPL   0  0  0  0  0  0  0  0  0  0  0  0  0  0  0  0  0  0  0  0  0  0  0
PRA 100100 90100100100100100 98100100100100100100100 93 79 47  7  0 43 20
S06   0     0     0     0     0     0     0     0     0     0     4     5
SLV   8  9  9  9  8  7  8  9  8 17 20 14 12 12  6  5  2  2  0  0  0  0  0
I06   0     0     0     0     0     0     0     0     0     0     0     0
CIG  27 49 20888 26 42 80 70 13 18 20 29 46 33 32 43 48 47 60 50 70 90 70
VIS 130100110120110120110 80 20 80 90100100 80100110 80 90100110100110 90
LCB  26 30 38 50 25 26 39 16  2  3  7 13 12 16 15 19 37 33 44 46 90 60 33
MHT  32 28 26 30 29 27 29 32 18 17 15 24 29 24 32 38 41 46 46 46 51 59 55
TWD  19 20 21 23 21 19 17 15 14 15 18 21 20 22 23 24 24 24 26 24 24 23 19
TWS  23 22 22 21 19 20 26 39 48 44 28 27 29 27 27 23 19 17 18 18 20 19 11
HID   3     3     3     3     3     3     3     3     3     3     3     4
SOL  80200150 10  4  0  0  0 20 40 20  0  0  0  0  0 60130100 50 20  0  0
SWH  16 16 15 14 13 12 12 13 16 19 19 17 16 15 15 16 16 17 18 18 17 16 15

46084   NBM V3.2 NBS GUIDANCE    2/19/2020  1200 UTC
DT /FEB  19/FEB  20                /FEB  21                /FEB  22
UTC  18 21 00 03 06 09 12 15 18 21 00 03 06 09 12 15 18 21 00 03 06 09 12
FHR  06 09 12 15 18 21 24 27 30 33 36 39 42 45 48 51 54 57 60 63 66 69 72
N/X        42          40          44          39          41          36
TMP  41 41 41 41 41 41 41 41 40 41 43 43 42 42 41 40 39 39 39 39 38 38 38
DPT  32 32 34 35 33 34 34 35 37 38 40 39 36 36 34 34 33 32 30 29 27 28 28
SKY  90 29 66 46 54 59 82 99100100 99 79 72 67 83 96 94 92 91 87 84 82 71
WDR  22 21 21 22 21 20 18 17 16 17 19 21 22 22 23 24 23 24 25 25 25 24 22
WSP  14 17 17 17 16 17 20 27 35 35 26 21 21 21 20 19 17 19 19 19 18 16 16
GST  17 20 20 20 18 20 25 31 46 48 42 32 28 26 25 23 22 24 23 24 22 19 18
P06  65     5    67    23    98   100   100   100   100    92    95    85
P12        71          67         100         100         100          95
Q06   4     0     1     2    18    42     8     6     6     6     5     4
Q12         4           3          60          14          12           9
DUR         1           1          10         999         999         999
T03   0  0  6  9  6  1  1  0  0  1  0  0  1  7  8  0  6  7  7  7  0  0  0
T12         7          15           9          15          17          15
PZR   0  0  0  0  0  0  0  0  0  0  0  0  0  0  0  0  0  0  0  0  0  0  0
PSN   0  0  0  0  0  0  0  0  0  0  0  0  0  0  0  0  0 21  0  0  0 21 47
PPL   0  0  0  0  0  0  0  0  0  0  0  0  0  0  0  0  0  0  0  0  0  0  0
PRA 100100100100100100100100100100100100100100100100100 86100100100 79 53
S06   0     0     0     0     0     0     0     0     0     0     0     0
SLV   7  8 10 11 10  9 10 11 10 17 24 18 14 13 12  8  6  4  1  0  0  0  0
I06   0     0     0     0     0     0     0     0     0     0     0     0
CIG 120888 60888888 25 80 41 13 22 19 44 36 43 35 38 41 48 60 50 60 70100
VIS 150140130110120120130120 40 40 90110120100100100 80 90110100110110110
LCB  60 31 29 32 25 22 22 21  8  5  6 17 16 16 14 22 30 11 35 38 38 39 60
MHT  40 33 32 29 29 31 31 37 23 21 14 15 29 29 29 35 38 31 51 63 56 52 48
TWD  22 22 22 22 21 20 18 17 16 17 19 22 23 22 23 25 24 25 25 26 26 24 19
TWS  19 21 22 21 20 23 29 39 49 51 40 30 29 31 27 24 25 26 24 25 25 19 20
HID   4     4     3     3     3     3     3     3     3     4     4     5
SOL 100320100 10  3  0  0  0 40 50 50  0  0  0  0  0 80170120 50 20  0  0
SWH  15 15 14 14 13 12 12 13 16 19 21 19 17 16 16 16 16 17 18 18 18 17 16

46085   NBM V3.2 NBS GUIDANCE    2/19/2020  1200 UTC
DT /FEB  19/FEB  20                /FEB  21                /FEB  22
UTC  18 21 00 03 06 09 12 15 18 21 00 03 06 09 12 15 18 21 00 03 06 09 12
FHR  06 09 12 15 18 21 24 27 30 33 36 39 42 45 48 51 54 57 60 63 66 69 72
N/X        41          39          43          36          39          32
TMP  40 40 40 40 41 41 40 43 43 42 41 41 40 39 38 38 37 37 37 36 35 35 35
DPT  35 35 35 36 36 39 40 42 42 40 38 38 37 35 33 31 30 30 29 28 29 28 27
SKY  42 54 35 40 94 92100100 84 56 79 80 79 79 81 85 83 90 90 90 90 90 80
WDR  23 23 23 21 18 17 17 20 21 22 22 23 25 25 24 25 25 25 25 25 24 25 25
WSP  19 18 18 18 24 30 33 28 24 27 27 28 28 28 25 26 25 24 24 21 21 20 18
GST  25 24 24 23 29 37 47 42 34 36 34 33 33 33 31 31 29 30 31 27 26 27 26
P06  38    26     2    99   100    73    94    48    89    96    89    87
P12        70          99         100          94          96          89
Q06   2     3     0    19    25     3     6     3     3     3     3     4
Q12         5          19          28           9           6           7
DUR         1           4           8         999         999         999
T03   6  0  0  0  0  0  0  0  0  0  0  6  6  0  0  0  0  5  0  0  6  5  0
T12        16           6           0          10          14          13
PZR   0  0  0  0  0  0  0  0  0  0  0  0  0  0  0  0  0  0  0  0  0  0  0
PSN   0  0  0  0  0  0  0  0  0  0  0  0  0  0  0 21 73 43 73 79100100100
PPL   0  0  0  0  0  0  0  0  0  0  0  0  0  0  0  0  0  0  0  0  0  0  0
PRA 100100100100100100100100100100100100100100100 79 27 57 27 21  0  0  0
S06   0     0     0     0     0     0     0     0     1     4     4     7
SLV   7  7  7  7  9 11 13 32 24 14 11 11  7  3  1  1  0  0  0  0  0  0  0
I06   0     0     0     0     0     0     0     0     0     0     0     0
CIG 888888888888 35 19  9  5  9888 28 28 30 31 40 60 46 70 70 60 60 43 28
VIS 110100130110120 70 30 60 70 70 70 70 90 60 60 60 20 40 70 50 40 30 70
LCB  23 32 70 25 31 13  6  4  8 12 16 14 31 17 19 26 20 39 42 40 35 35 38
MHT  35 38 32 32 40 31 19 12 17 27 36 35 41 45 49 54 53 66 70 62 37 62 67
TWD  24 23 23 21 19 18 17 19 22 23 23 24 25 25 25 25 25 25 25 24 22 25 25
TWS  27 25 24 23 32 43 49 41 35 41 42 41 38 36 36 33 32 32 34 28 20 26 26
HID   3     3     4     3     3     3     3     3     3     4     4     4
SOL  70190140 20  9  0  0  0 40170150 30 20  0  0  0 60170140 90 40  0  0
SWH  16 15 14 14 14 15 17 18 17 17 17 18 19 20 21 21 22 21 21 20 18 17 17

 

