988 
FOUS16 KWNO 071500
NBSUSA
KALM    NBM NBS GUIDANCE   11/07/2018  1500 UTC
DT      /NOV   8                /NOV   9                /NOV  10
UTC  21 00 03 06 09 12 15 18 21 00 03 06 09 12 15 18 21 00 03 06 09
FHR  06 09 12 15 18 21 24 27 30 33 36 39 42 45 48 51 54 57 60 63 66
N/X                 47          72          42          58
TMP  72 67 60 57 53 49 54 66 70 66 57 52 47 43 46 53 57 54 46 43 40
DPT  34 35 36 36 38 38 40 38 33 33 34 38 39 37 37 35 33 33 34 33 33
SKY   3  7  0  0  0  0  0  0  1 19  1 48 52 55 56 54 39 28 28 27 36
WDR  19 18 15 14 14 17 18 23 27  8  9  9  8  8  9  6 13 12 13 10 13
WSP   5  6  6  5  5  4  4  4  4  4  5  7  8  7  6  4  4  4  4  3  3
GST  11 10 11  8  9  7  8  7 11  8  8 12 14 10 10  6  7  7  6  4  4
P06      0     0     0     0     0     0     0     0     0     0
P12                  0           0           0           0
Q06      0     0     0     0     0     0     0     0     0     0
Q12                  0           0           0           0
T03   0  0  0  0  0  0  0  0  0  0  1  1  1  1  0  0  0  0  0  0  0
T12                  0           1           1           1
PZR   0  0  0  0  0  0  0  0  0  0  0  0  0  0  0  0  0  0  0  0  0
PSN   0  0  0  0  0  0  0  0  0  0  0  0  0  0  0  0  0  0  0  0  0
PPL   0  0  0  0  0  0  0  0  0  0  0  0  0  0  0  0  0  0  0  0  0
PRA 100100100100100100100100100100100100100100100100100100100100100
S06      0     0     0     0     0     0     0     0     0     0
SLV 103104102103100 94 89 89 90 95 96 93 92 85 80 78 81 80 76 70 66
I06      0     0     0     0     0     0     0     0     0     0
CIG 888888888888888888888888888888888999999999999999999999999999999
VIS  29 27 27 26 21 20 15 33 43 43 15999999999999999999999999999999
LCB 999999999999999999999999999350999999999999999999999999999999999

KALN    NBM NBS GUIDANCE   11/07/2018  1500 UTC
DT      /NOV   8                /NOV   9                /NOV  10
UTC  21 00 03 06 09 12 15 18 21 00 03 06 09 12 15 18 21 00 03 06 09
FHR  06 09 12 15 18 21 24 27 30 33 36 39 42 45 48 51 54 57 60 63 66
N/X                 31          45          31          42
TMP  48 40 36 34 32 31 37 43 44 40 37 36 35 33 36 39 40 34 29 26 24
DPT  30 31 31 31 29 28 30 30 30 32 33 34 33 32 31 30 28 26 21 18 16
SKY   1  0 17 15  8 59 72 73 81 89100 96 90 71 68 54 54 53 30 22 10
WDR  32 34 36  1  1  4  5  5  4  4  1 36 35 32 32 30 30 29 31 32 32
WSP   3  2  1  1  1  2  3  2  2  3  3  2  3  5  7  8  8  9  9  9  8
GST  11  6  6  8  8  8 11  8  9  8 10  8 10 13 17 18 19 19 23 25 20
P06      0     0     1     4    12    41    34     1     7     0
P12                  1          12          40           7
Q06      0     0     0     0     0     2     4     0     0     0
Q12                  0           0           6           0
T03   0  0  0  0  0  0  0  0  0  1  1  2  2  2  0  0  0  0  1  0  0
T12                  0           0           1           1
PZR   0  0  0  0  0  0  0  0  0  0  0  0  0  0  0  0  0  0  0  0  0
PSN   0  0100100100100  0  0  0  0  0100 80 39 46  0  0100100100100
PPL   0  0  0  0  0  0  0  0  0  0  0  0  0  0  0  0  0  0  0  0  0
PRA 100100100100  0  0100100100100100100100 61100100100100  0  0  0
S06      0     0     0     0     0     0     1     0     0     0
SLV  20 18 13  8  2  1  0 10 15 14 12 11  4  4  1  4  5  1  0  0  0
I06      0     0     0     0     0     0     0     0     0     0
CIG 888888888888888170140160100130 90999999999999999999999999999999
VIS  16 12 11 10 10 11 12 16 17 12 15999999999999999999999999999999
LCB 999999230190170170140160100 90 90999999999999999999999999999999

