
251 
FOUS16 KWNO 191700
NBSUSA
XSBN_0  NBM V3.2 NBS GUIDANCE    2/19/2020  1700 UTC
DT      /FEB  20                /FEB  21                /FEB  22
UTC  21 00 03 06 09 12 15 18 21 00 03 06 09 12 15 18 21 00 03 06 09 12 15
FHR  04 07 10 13 16 19 22 25 28 31 34 37 40 43 46 49 52 55 58 61 64 67 70
N/X                 23          33          16          32          25
TMP  38 32 29 26 24 24 29 32 32 28 24 21 18 16 23 30 32 28 28 28 27 27 36
DPT  15 13 12 10 10 10 11 10  8  9  7  6  4  2  0 -2 -1  5  9 12 12 12 13
SKY   0  0  0  0 26 40 14 65 67 13 10 12  6  0  0  0  0  0  0  0  0  2  0
WDR  31 30 30 31 31 30 30 29 30 31 32 34 35 35 35 33 27 24 24 24 25 25 26
WSP  12  7  7  6  4  3  5  6  7  6  6  6  6  6  6  4  4  3  5  6  6  6  8
GST  19 14 13 12 10  7 11 13 12 12 12 11 11 11 12  9  9  7 11 10 11 12 14
P06      0     0     0     0     1     1     1     0     0     0     0
P12                  0           1           1           0           0
Q06      0     0     0     0     0     0     0     0     0     0     0
Q12                  0           0           0           0           0
DUR                  0           0           0           0           0
T03   0  0  0  0  0  0  0  0  0  0  0  0  0  0  0  0  0  0  0  0  0  0  0
T12                  0           0           0           0           0
PZR   0  0  0  0  0  0  0  0  0  0  0  0  0  0  0  0  0  0  0  0  0  0  0
PSN  55100100100100100100100100100100100100100100100100100100100100100 34
PPL   0  0  0  0  0  0  0  0  0  0  0  0  0  0  0  0  0  0  0  0  0  0  0
PRA  45  0  0  0  0  0  0  0  0  0  0  0  0  0  0  0  0  0  0  0  0  0 66
S06      0     0     0     0     0     0     0     0     0     0     0
SLV   0  0  0  0  0  0  0  0  0  0  0  0  0  0  0  0  0  0  0  0  0  0  0
I06      0     0     0     0     0     0     0     0     0     0     0
CIG 888888888888888888888 70100888888888888888888888888888888888888888999
VIS 200190170180190170180190190190140130130130120130130130110110110110150
LCB 260190230190170999140 80 80210 70230 70 30999999999999999999260210210
MHT  48 20 27 26 18 22 52 68 65 18 30 27 27 19 27 40 45  9  4  4  4  4 28
TWD  31 31 31 31 31 28 30 29 29 31 32 35 35 36  1 35 29 26 25 24 25 24 28
TWS  25 15 15 15 10  9 14 14 16 14 14 14 14 14 12  7  8  8  9 10 11 10 18
HID      5     4     4     4     4     5     4     5     5     4     4
SOL 270 60  0  0  0 40440510230 60  0  0  0100450550350120  0  0  0150320

XSHP_0  NBM V3.2 NBS GUIDANCE    2/19/2020  1700 UTC
DT      /FEB  20                /FEB  21                /FEB  22
UTC  21 00 03 06 09 12 15 18 21 00 03 06 09 12 15 18 21 00 03 06 09 12 15
FHR  04 07 10 13 16 19 22 25 28 31 34 37 40 43 46 49 52 55 58 61 64 67 70
N/X                 23          32          16          32          27
TMP  37 32 29 26 23 23 27 30 31 28 24 21 17 16 21 28 31 30 29 29 28 28 35
DPT  15 13 12 11 10 11 10  9  9 10  9  6  4  3  2  1  3  7 10 11 12 13 15
SKY   0  0  0  0  4 11  4 52 33 45 19  6  0  0  0  0  0  0  0  0  1  3  7
WDR  30 30 29 30 30 28 29 29 29 32 31 33 33 33 33 30 25 23 24 24 24 25 26
WSP  14 10  9  8  7  6  8  9  9  8  8  9  8  8  6  4  5  6  8  9  9  9 10
GST  22 16 15 14 12 11 16 17 16 13 13 13 13 13 10  8 10 10 13 13 14 14 16
P06      0     0     0     0     2     1     0     0     0     0     0
P12                  0           2           1           0           0
Q06      0     0     0     0     0     0     0     0     0     0     0
Q12                  0           0           0           0           0
DUR                  0           0           0           0           0
T03   0  0  0  0  0  0  0  0  0  0  0  0  0  0  0  0  0  0  0  0  0  0  0
T12                  0           0           0           0           0
PZR   0  0  0  0  0  0  0  0  0  0  0  0  0  0  0  0  0  0  0  0  0  0  0
PSN  79100100100100100100100100100100100100100100100100100100100100100 81
PPL   0  0  0  0  0  0  0  0  0  0  0  0  0  0  0  0  0  0  0  0  0  0  0
PRA  21  0  0  0  0  0  0  0  0  0  0  0  0  0  0  0  0  0  0  0  0  0 19
S06      0     0     0     0     0     0     0     0     0     0     0
SLV   0  0  0  0  0  0  0  0  0  0  0  0  0  0  0  0  0  0  0  0  0  0  0
I06      0     0     0     0     0     0     0     0     0     0     0
CIG 888888888888888888888888888888888888888888888888888888888888888888999
VIS 190180170180170160190190180150140130130130120130130130110110110110150
LCB 260260220200200999170 70 60 60 60 34999 30999999230999999999999210240
MHT  51 30 28 24 21 13 47 66 67 34 21 27 24 19 22 36 40  6  8  8  8  8 28
TWD  30 31 30 30 30 28 30 29 28 30 31 33 34 34 35 31 27 24 24 24 24 25 28
TWS  27 19 17 16 13  9 16 18 18 14 14 14 14 14  8  6 11 10 14 15 16 17 20
HID      5     5     4     4     4     4     4     5     5     4     4
SOL 270 60  0  0  0 50450540260 70  0  0  0100440540340120  0  0  0150310

XSHR_0  NBM V3.2 NBS GUIDANCE    2/19/2020  1700 UTC
DT      /FEB  20                /FEB  21                /FEB  22
UTC  21 00 03 06 09 12 15 18 21 00 03 06 09 12 15 18 21 00 03 06 09 12 15
FHR  04 07 10 13 16 19 22 25 28 31 34 37 40 43 46 49 52 55 58 61 64 67 70
N/X                 43          65          47          68          48
TMP  60 63 55 50 47 45 44 53 61 65 58 53 51 49 48 58 65 68 61 57 55 51 50
DPT  40 39 40 41 42 41 40 41 43 42 42 40 40 38 36 39 41 42 44 43 42 43 43
SKY   0  1 12 52 88 84 87 68 79 48 60 48 57 79 49 68 71 76 79 63 69 44 48
WDR  36 34 34 28 28 30  3  3  5  3 35 33 34 34 34 36  1  1 30 26 27 26 24
WSP   4  3  2  3  3  2  3  5  5  4  4  3  3  3  4  6  6  5  3  4  5  4  4
GST   7  5  3  6  7  4  4  8  8  7  7  8  8  8 10 13 10 10  5  7 10  8  8
P06      0     0     0     0     0     0     0     0     0     0     1
P12                  0           0           0           1           1
Q06      0     0     0     0     0     0     0     0     0     0     0
Q12                  0           0           0           0           0
DUR                  0           0           0           0           0
T03   0  0  0  0  0  0  0  0  0  0  0  0  0  0  0  0  0  0  0  0  0  0  0
T12                  0           0           0           0           0
PZR   0  0  0  0  0  0  0  0  0  0  0  0  0  0  0  0  0  0  0  0  0  0  0
PSN   0  0  0  0  0  0  0  0  0  0  0  0  0  0  0  0  0  0  0  0  0  0  0
PPL   0  0  0  0  0  0  0  0  0  0  0  0  0  0  0  0  0  0  0  0  0  0  0
PRA 100100100100100100100100100100100100100100100100100100100100100100100
S06      0     0     0     0     0     0     0     0     0     0     0
SLV  45 44 44 46 53 49 48 53 55 58 61 62 66 62 62 61 60 61 61 64 62 63 60
I06      0     0     0     0     0     0     0     0     0     0     0
CIG 888888888888230250230260230888190888190160888 70140140888888888888999
VIS 230250210150140140130180240260140130130130120130130130110110110110150
LCB 230250210210210999250240240190190190130110 90130110110100 80 80 90100
MHT  28 30  9  4  3  4  3 15 30 34  4  4  4  4  4 13 30 31  4  4  4  4  4
TWD   1 35  1 27 27 27  2  4  9  5 36 36  1 36 36  1  6 35 36 21 26 26 23
TWS   3  3  4  7  6  4  3  4  5  6  9  9 10  9  8 11  7  7  7  7 10  7  6
HID      5     5     5     4     5     5     5     5     5     5     5
SOL 690340 20  1  0  0  2450650320 40  2  0  0  5380340200 70 10  0  0  0

XSIT_0  NBM V3.2 NBS GUIDANCE    2/19/2020  1700 UTC
DT      /FEB  20                /FEB  21                /FEB  22
UTC  21 00 03 06 09 12 15 18 21 00 03 06 09 12 15 18 21 00 03 06 09 12 15
FHR  04 07 10 13 16 19 22 25 28 31 34 37 40 43 46 49 52 55 58 61 64 67 70
N/X                 23          31          17          31          27
TMP  36 32 28 26 24 23 27 30 30 28 25 22 19 18 21 26 29 28 28 29 28 28 35
DPT  17 15 14 12 11 11 11 10 11 12 12 10  8  8  7  5  4  8 12 13 15 16 16
SKY   0  1  1  0  5 12  6 73 39 31 19 22  6 12  8  2  0  0  0  0  1  2  1
WDR  30 30 30 30 30 28 29 29 30 31 32 33 34 34 34 32 25 23 24 24 24 25 26
WSP  16 12 12 11 10  8  8  9 10  9 11 12 12 10  8  4  4  6 10 11 11 11 12
GST  23 17 17 17 16 15 15 16 15 16 16 15 17 15 11  8  8 12 16 15 16 16 16
P06      0     0     0     0     0     1     1     0     0     0     0
P12                  0           1           1           0           0
Q06      0     0     0     0     0     0     0     0     0     0     0
Q12                  0           0           0           0           0
DUR                  0           0           0           0           0
T03   0  0  0  0  0  0  0  0  0  0  0  0  0  0  0  0  0  0  0  0  0  0  0
T12                  0           0           1           0           0
PZR   0  0  0  0  0  0  0  0  0  0  0  0  0  0  0  0  0  0  0  0  0  0  0
PSN  79100100100100100100100100100100100100100100100100100100100100100100
PPL   0  0  0  0  0  0  0  0  0  0  0  0  0  0  0  0  0  0  0  0  0  0  0
PRA  21  0  0  0  0  0  0  0  0  0  0  0  0  0  0  0  0  0  0  0  0  0  0
S06      0     0     0     0     0     0     0     0     0     0     0
SLV   0  0  0  0  0  0  0  0  0  0  0  0  0  0  0  0  0  0  0  0  0  0  0
I06      0     0     0     0     0     0     0     0     0     0     0
CIG 888888888888888888888 60888888888888888888888888888888888888888888999
VIS 200190170180180180180190170160140130130130120130130130110110110110150
LCB 260200220200190999180 70 60 50 60 36999 30999999999999999260260210210
MHT  55 46 41 38 34 36 45 63 65 50 51 44 33 27 27 30 31 12 16 12 12 12 24
TWD  30 31 30 30 31 30 30 29 28 31 31 33 34 35 36 32 27 24 24 25 25 26 27
TWS  29 23 20 19 17 15 16 17 17 15 14 14 16 16 10  5  8 11 17 17 19 20 19
HID      5     5     4     4     4     3     4     4     4     4     4
SOL 270 60  0  0  0 60460520240 60  0  0  0100440540340120  0  0  0160320
SWH   3  2  2  2  2  1  1  1  1  1  1  2  2  2  1  1  1  1  1  2  1  1  1

 

