000
FOUS16 KWNO 071700
NBSUSA
45022   NBM NBS GUIDANCE   11/07/2018  1700 UTC
DT      /NOV   8                /NOV   9                /NOV  10
UTC  21 00 03 06 09 12 15 18 21 00 03 06 09 12 15 18 21 00 03 06 09
FHR  04 07 10 13 16 19 22 25 28 31 34 37 40 43 46 49 52 55 58 61 64

45023   NBM NBS GUIDANCE   11/07/2018  1700 UTC
DT      /NOV   8                /NOV   9                /NOV  10
UTC  21 00 03 06 09 12 15 18 21 00 03 06 09 12 15 18 21 00 03 06 09
FHR  04 07 10 13 16 19 22 25 28 31 34 37 40 43 46 49 52 55 58 61 64

