405
FNUS31 KWNS 301723
PFWFD1

DAY 1 FIRE WEATHER OUTLOOK AREAL OUTLINE
NWS STORM PREDICTION CENTER NORMAN OK
1223 PM CDT FRI AUG 30 2013

VALID TIME 301200Z - 311200Z

FIRE WEATHER OUTLOOK POINTS DAY 1

... FIRE WEATHER CATEGORICAL ...

IDRT   37910753 38580708 39280489 39270372 38720308 37650262
       36430247 35370270 34340353 33800405 33150537 32810726
       33560778 35020776 36510769 37910753
SDRT   36860631 37330573 38220553 38450545 38910473 38640395
       38280349 37530307 36180310 35180377 33650527 33430635
       33870713 34790697 35920674 36460658 36860631
ELEV   33081239 34541492 36671562 38451246 40341339 42451312
       43481012 41800365 38849794 37659732 36149757 33999952
       32760245 31870520 32100973 33081239
CRIT   35151432 35941464 36581463 36971436 37261379 37841153
       39641085 39531006 39320920 38710852 37350803 36590753
       35620728 34300738 33470785 32950898 32890945 33221023
       34281264 35151432
CRIT   35630227 36680281 37800280 37840262 38700159 38820034
       38489932 37639828 37119812 35829856 34869935 34430001
       34690099 35060173 35630227
EXTM   36840940 36090896 34650919 34120936 33981013 34191084
       34671124 35431179 36321169 36771120 36901025 36960976
       36840940
&&
