000 
WUUS01 KWNS 192010
PTSDY1


DAY 1 CONVECTIVE OUTLOOK AREAL OUTLINE
STORM PREDICTION CENTER...NWS/NCEP...NORMAN OK
0210 PM CST THU DEC 19 2002

VALID TIME 192000Z - 201200Z

Probabilistic Outlook Points Day 1

... TORNADO ...

0.02   41602419 40042341 38442177 36872020 35792133 37082240
       38282311 38962367 40382427 40932445 41602419
0.02   29519134 32068967 32968929 34228881 37218696 37468609
       37428529 37098484 36288429 34988472 33588443 33378213
       29308292
0.05   29559133 32088962 34228879 35878668 35818550 34428551
       33078519 31218505 30108556
0.15   29808954 30768942 31438952 32248904 33478893 33408701
       33238586 32638544 30488634

... HAIL ...

0.05   29579135 32098972 34588885 36298741 37158608 36998512
       36218482 34618516 33238491 30998467 30008373
0.05   41542419 40142326 36862014 35842145 38662349 40582438
       41522424 41542419
0.15   29379110 31978940 33898880 35898714 35858637 35608572
       34228548 32298502 29798497
0.25   29299039 31838935 32818912 33928867 34078738 33778676
       33298611 32588581 31758596 30498675

... WIND ...

0.05   29579135 32098972 34588885 36298741 37158608 36998512
       36218482 34618516 33318410 32908193 30008373
0.15   29379110 31978940 33898880 35898714 35858637 35608572
       34668571 31318538 29798497
0.25   29299039 31838935 32818912 33928867 34078738 33778676
       33098629 32468612 31168645 30498675

Categorical Outlook Points Day 1

... CATEGORICAL ...

MDT    29698975 31198956 32448900 33568852 33638607 32758546
       30398612
SLGT   29299114 31948998 33788921 35898718 35798618 35568570
       34138539 32378495 29738490
TSTM   29629258 32999103 32919535 35129390 36739008 38078823
       41818314 42697992 39178158 36548182 36247927 37027617
       99999999 30098134 28838262
TSTM   42892450 42352283 39162147 37221987 35371867 34411930
       34362069

