000
WUUS01 KWNS 151303
PTSDY1

DAY 1 CONVECTIVE OUTLOOK AREAL OUTLINE
STORM PREDICTION CENTER...NWS/NCEP...NORMAN OK
0637 AM CDT TUE APR 15 2003

VALID TIME 151300Z - 161200Z

Probabilistic Outlook Points Day 1

... TORNADO ...

0.02   34350090 36000073 38000031 39020001 40399962 41059931
       41769870 42089783 41879689 41219631 39919633 36399669
       35029710 33299884 32429945 32330013 32540063 32940086
       33580096 34210093 34350090
0.05   34920052 36470042 37959999 38689967 38929880 38399800
       37279801 36099824 34749881 34399914 34169959 34250005
       34540045 34890052

... HAIL ...

0.05   30630037 30640175 34180185 36780177 39830239 41520290
       43090179 44629474 45538818 45708519 44988443 44018435
       42788577 42208919 41169242 39979339 36949390 34739459
       33649547 32849688 31669893 30630037
0.15   34430120 36280124 39150170 40940219 42090208 42870090
       44359363 45168828 44648711 43838730 41739344 36759559
       35019619 33319810 32199920 31220061 31420118 34430120
0.25   42699994 43419658 43739461 43579394 42779388 41789437
       39829577 36949721 34979826 34149869 33959952 34490020
       35430042 37810070 39120004 39969942 41689999 42699994

... WIND ...

0.05   30600033 30640175 34180185 36780177 39830239 41520290
       43090179 44629474 45368911 44948671 44298613 43348669
       42358851 41209236 39439349 36089406 34649435 33659539
       32659715 31029989 30600033
0.15   33960091 35800102 38430103 40490127 41480191 42710104
       42479557 41939483 40869436 38909486 37429541 36059608
       34449725 33419837 32829903 32799984 33220060 33960091
0.25   38060063 39190026 39749958 39999852 39839745 39319667
       38039614 36569622 34909746 34349846 34209963 34620020
       35340055 36780062 38060063
0.35   38730009 39449945 39829835 39619756 38509700 37279674
       35779721 34769821 34609955 35120014 36140042 38730009
SIGN   36750044 38150032 39219984 39589912 39779840 39659767
       39069728 38209673 36949653 36149706 35179827 35009955
       35240010 35850040 36750044

Categorical Outlook Points Day 1

... CATEGORICAL ...

MDT    38610011 39409956 39739840 39619762 38339695 37369679
       35979716 35179827 34979962 35200014 35850045 36560045
       38610011
SLGT   34360118 37140134 39800183 41000208 42060203 42830091
       45138833 44648722 43888728 41709337 34989620 32219914
       31270060 31400112 34360118
TSTM   44086944 43337235 43157909 99999999 43188248 42658580
       41869000 41169168 39779241 37699267 34859278 33429354
       32589490 31929757 31199966 30650028 30630184 31390192
       32550204 33340369 32930582 31810715 99999999 31331111
       32601209 34581341 36891406 39891340 41891339 44061540
       45691686 48891627 99999999 48980933 47930774 47350404
       46929927 47059440 47598818 47608667

