364 
WUUS01 KWNS 141448
PTSDY1

DAY 1 CONVECTIVE OUTLOOK AREAL OUTLINE
NWS STORM PREDICTION CENTER NORMAN OK
0848 AM CST FRI NOV 14 2025

VALID TIME 141630Z - 151200Z

PROBABILISTIC OUTLOOK POINTS DAY 1

... TORNADO ...

0.02   28639469 29049401 30659379 31819322 33899135 35718973
       38088829 41138572 42768421 42878311 39808251 38538136
       37288044 34468068 33318102 31958168 28708378 
0.05   29079380 30719349 31449307 32749191 35568930 37438790
       38098738 38268519 37638366 36548284 35678177 33898186
       32788219 31098311 29018447 
0.10   29099311 31479208 32299184 33239110 35398904 36228809
       36618703 36568480 35828339 34898306 33828293 32108328
       30478419 29188520 
0.15   29798988 29999091 30139151 30899186 31779173 32349154
       32909117 35388819 35768717 35528597 34498470 33358446
       32198451 31438483 30498543 30118681 29798988 
0.30   32418654 31768781 31208924 31509013 32309031 33009006
       34178885 34658781 34468675 33838574 33078578 32418654
CIG1   29238916 29139041 29289157 29519228 29799276 30919234
       32299184 33189114 36238809 36638710 36588490 35948348
       35668259 35468130 35268086 34978064 34488067 33358103
       29778397 29618494 29928677 29238916 
CIG2   32939045 34698899 35528712 35498600 34848430 33908374
       32768393 31418472 30488971 30559072 30979090 31539088
       32939045 
CIG3   31569018 32269033 32998999 33608935 33828870 33568796
       33168764 32458765 31688819 31218928 31569018 
&&

... HAIL ...

0.05   29019401 31009411 32889348 33789294 35229174 37198993
       39488770 41368568 41548500 41318423 40798393 39648423
       37888376 36958296 36058222 35008196 34048209 33048244
       31348303 29478418 
0.15   29059379 30729349 31469306 33419131 35518931 36748843
       37138793 37158719 36478622 35958534 35268409 34338344
       32738351 31278391 29898464 29198519 
0.30   35108785 34998673 34138626 32648678 31888755 31188923
       30139150 30859187 31619176 32319156 35108785 
CIG1   31029232 32269179 33829024 35198848 35398787 35358736
       35338682 34918571 34108530 32848554 31898520 30928462
       30428473 29738523 29968605 30118776 29558973 29499169
       30179255 31029232 
&&

... WIND ...

0.05   29029401 30999412 32949345 33809294 38958819 40718718
       42358608 43198518 44088394 44098147 42787956 41517890
       38757963 35538011 33968065 31808177 28648380 
0.15   28829212 29699285 31429213 32379160 35098949 38098734
       38908622 38778469 37858274 37028178 35798118 34798136
       33388182 31258303 29008447 
0.30   33458275 32208310 30528419 29578530 30308666 30218911
       30499079 31229152 32279139 34928930 36628647 36588481
       35818339 34918304 33458275 
0.45   34488468 34388507 34888682 35248726 35748718 36098621
       35918499 35368449 34488468 
CIG1   36468576 36258430 35808328 35308217 34818135 33378182
       31548361 31108406 30538462 29688533 30228628 30988709
       31288769 31088904 30959011 30999107 31099138 31279152
       32289137 33669033 35058903 36468666 36468576 
&&

CATEGORICAL OUTLOOK POINTS DAY 1

... CATEGORICAL ...

HIGH   33009006 34178885 34658781 34468675 33838574 33078578
       32418654 31768781 31208924 31509013 32309031 33009006
MDT    31539088 32939045 34698899 35528712 35498600 34498470
       33358446 32198451 31388486 30488971 30559072 30979090
       31539088 
ENH    29508822 29238916 29139041 29289157 29519228 29799276
       31479208 32299184 33189114 36228809 36618703 36568486
       35828339 34918304 33458275 32208310 31588357 30478419
       29628485 29928677 
SLGT   29079380 30729349 31469306 35568930 38098738 38908622
       38778469 37858274 37028178 35798118 34798136 33388182
       31098311 29478417 
MRGL   43017990 42787956 41517890 38757963 35538011 33968065
       31958168 28888365 99999999 29119402 30999412 32889348
       33809294 35229174 39028815 40718718 42358608 43198518
       44088394 44098166 

&&