#USM00072558 2021 01 01 00 2303  183 ncdc-nws ncdc-nws  413200  -963669
21     0  97856B  351   -31B  870    19   124    21 
20     7  97469B  383B  -18B  730    42   154    22 
20    30  96158   491B   -9B  647    58   217    55 
20    37  95762   524B    0B  576    74   228    72 
20    54  94729   611B   23B  334   145   235    93 
20   114  93495   717B   34B  324   150   236    90 
10   133  92500   804B   33B  345   142   242    74 
20   145  91897   857B   37B  326   149   233    64 
20   259  88113  1197B   20B  304   156   209    83 
20   317  87132  1287B   27B  195   210   198    74 
10   356  85000  1487B   32B  196   211   179    59 
20   402  84676  1518B   33B  170   227   183    55 
20   526  80598  1915B    0B  183   213   257    51 
20   601  78716  2104B  -16B  239   180   285    66 
20   614  78044  2172B  -16B  394   120   284    60 
20   623  77537  2224B  -16B  391   121   278    53 
20   704  75292  2457B  -27B  280   160   229    57 
20   757  72701  2734B  -41B  360   129   222    72 
20   832  71044  2915B  -56B  411   111   220    82 
10   855  70000  3031B  -54B  398   115   215    87 
20   857  69919  3040B  -55B  401   115   215    87 
20  1010  66714  3406B  -77B  471    93   219    63 
20  1045  65222  3582B  -87B  639    56   190    62 
20  1226  61162  4077B -119B  596    63   221    63 
20  1250  60187  4200B -124B  650    52   209    66 
20  1300  59756  4255B -126B  595    62   215    67 
20  1342  58091  4471B -122B  427   101   237    74 
20  1512  55003  4886B -145B  322   130   257    83 
20  1551  53681  5071B -141B  140   218   276   110 
20  1703  51488  5386B -162B  180   189   276   121 
20  1717  51005  5457B -161B  121   229   271   121 
10  1745  50000  5606B -174B   79   267   267   113 
20  1847  48014  5908B -202B   76   265   262   118 
20  2026  44885  6404B -234B   44   305   246   129 
10  2327  40000  7234B -304B   60   263   232   144 
20  2331  39893  7253B -305B   60   263   232   143 
20  2528  37017  7780B -352B  168   167   235   153 
20  2702  34495  8268B -382B   66   238   231   220 
20  2807  32654  8643B -406B  154   166   242   312 
20  2908  31055  8983B -432B  388    85   241   361 
20  2957  30013  9212B -449B  437    74   243   381 
10  2958  30000  9215B -450B  438    74   243   381 
20  3051  28957  9450B -470B  378    85   242   383 
20  3152  27791  9721B -490B  190   138   239   392 
20  3325  25813 10201B -530B  420    71   232   434 
10  3402  25000 10407B -547B  427    69   230   462 
20  3444  24261 10598B -563B  449    64   229   471 
22  3815  20663 11601B -636B  382    71   222   507 
10  3846  20000 11803B -613B  294    92   232   419 
20  3849  19940 11821B -612B  289    93   233   412 
20  3933  19133 12077B -624B  258   100   238   369 
20  4004  18696 12220B -618B  234   107   240   347 
20  4033  18318 12346B -622B  226   109   238   340 
20  4053  18069 12431B -613B  205   117   239   347 
20  4207  17114 12767B -619B  184   124   240   360 
20  4239  16703 12918B -597B  156   138   244   333 
20  4333  15974 13196B -609B  149   139   246   284 
20  4404  15610 13340B -596B  133   149   241   281 
10  4500  15000 13589B -588B  114   161   244   246 
20  4505  14943 13613B -587B  112   162   244   248 
20  4550  14455 13821B -592B  102   168   242   265 
20  4707  13676 14169B -585B   78   187   253   266 
20  4827  12891 14539B -597B   65   196   254   196 
20  4856  12575 14695B -582B   56   209   261   161 
20  5110  11292 15365B -625B   50   208   238   145 
20  5235  10518 15804B -603B   39   227   253   234 
20  5301  10303 15933B -609B   39   227   263   233 
10  5341  10000 16119B -604B   36   233   271   217 
20  5843   7795 17654B -649B   25   244   262   177 
20  5927   7518 17876B -629B   22   256   270   177 
20  6032   7165 18171B -636B   22   255   257   169 
10  6103   7000 18315B -620B   19   267   260   187 
20  6214   6608 18671B -605B   17   278   274   172 
20  6314   6254 19013B -631B   17   270   288   153 
20  6349   6062 19204B -628B   16   275   286   144 
20  6439   5829 19447B -600B   13   294   275   117 
20  6655   5205 20154B -593B   11   308   264    92 
10  6741   5000 20404B -608B   11   302   268   127 
20  7000   4424 21164B -622B   10   303   272    99 
20  7230   3888 21963B -612B   10   306   289   136 
20  7259   3793 22116B -622B   10   303   299   129 
20  7454   3449 22706B -602B   10   309   283   144 
20  7651   3098 23371B -626B   10   302   287    94 
10  7724   3000 23570B -617B   10   305   296   117 
20  7921   2712 24194B -609B   10   307   282   135 
10  8457   2000 26080B -620B   10   304   264   122 
20  8522   1954 26225B -625B   10   302   270   129 
20  8801   1655 27249B -617B   10   305   287   147 
20  9103   1363 28442B -632B   10   300   261   210 
20  9259   1203 29206B -666B   10   291   262   245 
20  9342   1147 29496B -641B   10   298   270   299 
20  9433   1083 29848B -643B   10   297   275   314 
30   100  -9999   645 -9999 -9999 -9999   235    94 
30   200  -9999   923 -9999 -9999 -9999   213    72 
30   300  -9999  1201 -9999 -9999 -9999   208    82 
30   400  -9999  1508 -9999 -9999 -9999   181    57 
30   500  -9999  1793 -9999 -9999 -9999   243    35 
30   600  -9999  2099 -9999 -9999 -9999   285    66 
30   700  -9999  2437 -9999 -9999 -9999   231    56 
30   800  -9999  2752 -9999 -9999 -9999   222    74 
30   900  -9999  3055 -9999 -9999 -9999   213    88 
30  1000  -9999  3355 -9999 -9999 -9999   228    66 
30  1100  -9999  3651 -9999 -9999 -9999   192    66 
30  1200  -9999  3942 -9999 -9999 -9999   233    71 
30  1400  -9999  4561 -9999 -9999 -9999   241    76 
30  1500  -9999  4834 -9999 -9999 -9999   253    76 
30  1600  -9999  5113 -9999 -9999 -9999   278   108 
30  1700  -9999  5373 -9999 -9999 -9999   276   121 
30  1800  -9999  5680 -9999 -9999 -9999   267   114 
30  1900  -9999  5975 -9999 -9999 -9999   259   123 
30  2000  -9999  6270 -9999 -9999 -9999   251   133 
30  2100  -9999  6560 -9999 -9999 -9999   239   129 
30  2200  -9999  6843 -9999 -9999 -9999   233   150 
30  2300  -9999  7115 -9999 -9999 -9999   230   147 
30  2400  -9999  7383 -9999 -9999 -9999   233   141 
30  2500  -9999  7653 -9999 -9999 -9999   236   141 
30  2600  -9999  7928 -9999 -9999 -9999   235   174 
30  2700  -9999  8257 -9999 -9999 -9999   232   219 
30  2800  -9999  8604 -9999 -9999 -9999   241   296 
30  2900  -9999  8944 -9999 -9999 -9999   241   350 
30  3000  -9999  9225 -9999 -9999 -9999   243   381 
30  3100  -9999  9489 -9999 -9999 -9999   242   384 
30  3200  -9999  9764 -9999 -9999 -9999   238   397 
30  3300  -9999 10085 -9999 -9999 -9999   233   423 
30  3400  -9999 10398 -9999 -9999 -9999   230   461 
30  3500  -9999 10671 -9999 -9999 -9999   228   474 
30  3600  -9999 10945 -9999 -9999 -9999   224   472 
30  3700  -9999 11244 -9999 -9999 -9999   221   500 
30  3800  -9999 11530 -9999 -9999 -9999   220   527 
30  3900  -9999 11894 -9999 -9999 -9999   235   390 
30  4000  -9999 12201 -9999 -9999 -9999   240   350 
30  4100  -9999 12461 -9999 -9999 -9999   240   350 
30  4200  -9999 12734 -9999 -9999 -9999   239   363 
30  4300  -9999 13026 -9999 -9999 -9999   246   315 
30  4400  -9999 13321 -9999 -9999 -9999   241   283 
30  4600  -9999 13867 -9999 -9999 -9999   245   262 
30  4700  -9999 14138 -9999 -9999 -9999   252   268 
30  4800  -9999 14410 -9999 -9999 -9999   254   218 
30  4900  -9999 14716 -9999 -9999 -9999   262   157 
30  5000  -9999 15014 -9999 -9999 -9999   261   124 
30  5100  -9999 15314 -9999 -9999 -9999   241   133 
30  5200  -9999 15623 -9999 -9999 -9999   242   229 
30  5300  -9999 15928 -9999 -9999 -9999   263   233 
30  5400  -9999 16201 -9999 -9999 -9999   267   201 
30  5500  -9999 16469 -9999 -9999 -9999   263   172 
30  5600  -9999 16756 -9999 -9999 -9999   259   156 
30  5700  -9999 17078 -9999 -9999 -9999   251   177 
30  5800  -9999 17415 -9999 -9999 -9999   260   128 
30  5900  -9999 17744 -9999 -9999 -9999   267   188 
30  6000  -9999 18026 -9999 -9999 -9999   262   163 
30  6100  -9999 18300 -9999 -9999 -9999   260   186 
30  6200  -9999 18596 -9999 -9999 -9999   269   183 
30  6300  -9999 18933 -9999 -9999 -9999   287   154 
30  6400  -9999 19260 -9999 -9999 -9999   284   136 
30  6500  -9999 19552 -9999 -9999 -9999   272   105 
30  6600  -9999 19862 -9999 -9999 -9999   255   122 
30  6700  -9999 20181 -9999 -9999 -9999   262    96 
30  6800  -9999 20510 -9999 -9999 -9999   273   112 
30  6900  -9999 20832 -9999 -9999 -9999   258    79 
30  7100  -9999 21493 -9999 -9999 -9999   261    66 
30  7200  -9999 21809 -9999 -9999 -9999   281   118 
30  7300  -9999 22121 -9999 -9999 -9999   299   128 
30  7400  -9999 22432 -9999 -9999 -9999   302   137 
30  7500  -9999 22736 -9999 -9999 -9999   283   146 
30  7600  -9999 23067 -9999 -9999 -9999   292   120 
30  7700  -9999 23426 -9999 -9999 -9999   289    99 
30  7800  -9999 23773 -9999 -9999 -9999   296   122 
30  7900  -9999 24086 -9999 -9999 -9999   281   131 
30  8000  -9999 24401 -9999 -9999 -9999   280   132 
30  8100  -9999 24734 -9999 -9999 -9999   288   121 
30  8200  -9999 25077 -9999 -9999 -9999   284   128 
30  8300  -9999 25413 -9999 -9999 -9999   289   133 
30  8400  -9999 25749 -9999 -9999 -9999   283   109 
30  8500  -9999 26099 -9999 -9999 -9999   265   123 
30  8600  -9999 26450 -9999 -9999 -9999   272   132 
30  8700  -9999 26838 -9999 -9999 -9999   276   142 
30  8800  -9999 27242 -9999 -9999 -9999   287   147 
30  8900  -9999 27659 -9999 -9999 -9999   288   183 
30  9000  -9999 28050 -9999 -9999 -9999   281   207 
30  9100  -9999 28423 -9999 -9999 -9999   261   209 
30  9200  -9999 28804 -9999 -9999 -9999   264   223 
30  9300  -9999 29212 -9999 -9999 -9999   262   245 
30  9400  -9999 29621 -9999 -9999 -9999   273   309 
#USM00072558 2021 01 01 12 1107  185 ncdc-nws ncdc-nws  413200  -963669
21     0  97742B  351   -91B 1000     0   356    15 
20     3  97532B  368B  -94B  986     2     6    15 
20    13  96876   421B  -68B 1000     0    39    16 
20    27  96036   489B  -54B  982     2    64    21 
20    42  95053   570B  -30B  386   121    82    21 
20    47  94773   593B  -25B  291   156    82    22 
20   111  93304   717B    0B  184   213    63    34 
20   117  92951   748B    7B  203   202    58    39 
10   124  92500   787B   10B  325   147    53    44 
20   127  92323   802B   11B  350   138    52    47 
20   203  90137   995B   18B  296   159    59    63 
20   225  88891  1107B   10B  350   138    57    65 
20   241  87989  1189B   12B  268   171    54    63 
20   328  85255  1442B    0B  292   158    46    77 
10   332  85000  1466B    2B  268   169    48    76 
20   403  83314  1627B   14B  194   209    68    72 
20   423  82200  1735B    8B  254   176    62    75 
20   436  81482  1805B   10B  397   122    57    82 
20   513  79538  1999B    0B  433   110    50    67 
20   618  76207  2340B  -21B  470    98    32    80 
20   647  74809  2487B  -28B  312   147    28    92 
20   659  74256  2546B  -32B  416   112    28    95 
20   743  72134  2775B  -50B  577    70    29    80 
10   828  70000  3011B  -50B  680    50    50    75 
20   829  69966  3015B  -50B  681    50    50    75 
20   851  68930  3132B  -49B  629    60    45    64 
20   932  67079  3345B  -64B  610    63    51    49 
20  1001  65765  3500B  -69B  434   104    21    47 
20  1059  63115  3820B  -87B  555    73    12    79 
20  1117  62280  3923B  -86B  458    96     5    69 
20  1233  59197  4315B -107B  339   129    21    41 
20  1245  58629  4389B -110B  249   162    15    44 
20  1344  56425  4682B -134B  208   178    32    37 
20  1449  53823  5040B -146B   69   286   189    24 
20  1505  53142  5136B -152B   91   259   194    37 
20  1531  52116  5283B -166B  299   136   200    64 
20  1544  51630  5353B -174B  497    80   202    61 
20  1555  51183  5418B -181B  521    74   208    50 
20  1601  50944  5453B -183B  613    56   213    46 
20  1613  50467  5523B -184B  753    33   221    47 
10  1624  50000  5593B -183B  786    28   213    60 
20  1659  48654  5797B -174B  838    21   189   123 
10  2129  40000  7235B -275B  752    31   200   116 
20  2201  39004  7416B -288B  728    34   203   121 
20  2347  36141  7956B -333B  742    30   198   146 
20  2452  34365  8308B -360B  655    42   203   161 
10  2754  30000  9236B -438B  625    43   206   199 
20  2821  29332  9387B -450B  592    47   203   208 
20  3028  26269 10113B -512B  592    45   192   295 
20  3124  25104 10406B -539B  663    34   189   313 
10  3129  25000 10433B -541B  656    35   189   316 
20  3243  23450 10840B -578B  493    56   186   347 
20  3325  22578 11077B -601B  511    52   184   354 
22  3518  20780 11590B -643B  508    50   184   363 
20  3536  20428 11694B -636B  478    55   190   346 
20  3553  20093 11797B -601B  401    70   199   322 
10  3558  20000 11826B -601B  388    72   201   313 
20  3742  18285 12384B -610B  185   124   219   215 
20  3828  17691 12591B -574B  104   169   226   243 
20  3856  17350 12713B -577B   72   193   224   236 
20  3958  16596 12995B -556B   24   270   233   232 
20  4057  15918 13261B -559B   10   321   234   231 
20  4112  15751 13328B -553B   10   323   234   222 
10  4212  15000 13638B -567B   10   319   237   187 
20  4237  14730 13753B -572B   10   317   233   181 
20  4328  14203 13984B -557B   10   322   230   197 
20  4554  12756 14667B -565B   10   320   246   275 
22  4819  11268 15444B -623B   10   303   250   159 
20  4850  11000 15592B -620B   10   304   241   149 
10  5053  10000 16179B -632B   11   295   230   203 
20  5320   8943 16868B -611B   11   301   272   157 
20  5557   7814 17700B -639B   11   293   252   135 
10  5809   7000 18375B -635B   11   296   268   137 
20  5811   6991 18383B -635B   11   295   269   136 
20  6207   5735 19608B -607B   10   307   246    82 
20  6230   5622 19733B -593B   10   311   243    85 
10  6444   5000 20460B -629B   10   301   246    63 
20  6446   4991 20471B -630B   10   301   246    64 
20  6524   4827 20677B -617B   10   304   241   100 
20  6731   4313 21370B -639B   10   298   284   122 
20  6958   3795 22158B -620B   10   304   288    93 
20  7133   3458 22729B -630B   10   301   281   142 
20  7158   3377 22876B -618B   10   304   287   145 
10  7357   3000 23608B -616B   10   305   296   204 
20  7829   2294 25266B -613B   10   306   293   127 
10  8048   2000 26112B -649B   10   296   291   100 
20  8107   1964 26222B -652B   10   295   292   103 
20  8418   1635 27341B -641B   10   298   267   194 
20  8546   1501 27860B -661B   10   292   257   187 
20  8729   1355 28487B -646B   10   296   263   259 
20  8907   1226 29095B -660B   10   292   270   344 
20  8930   1200 29224B -640B   10   298   269   370 
20  9054   1118 29657B -635B   10   300   278   385 
20  9157   1062 29978B -612B   10   306   271   392 
30   100  -9999   659 -9999 -9999 -9999    75    27 
30   200  -9999   980 -9999 -9999 -9999    59    62 
30   300  -9999  1284 -9999 -9999 -9999    49    70 
30   400  -9999  1612 -9999 -9999 -9999    68    72 
30   500  -9999  1925 -9999 -9999 -9999    51    76 
30   600  -9999  2244 -9999 -9999 -9999    34    77 
30   700  -9999  2551 -9999 -9999 -9999    28    95 
30   800  -9999  2864 -9999 -9999 -9999    41    75 
30   900  -9999  3184 -9999 -9999 -9999    47    59 
30  1000  -9999  3494 -9999 -9999 -9999    22    47 
30  1100  -9999  3826 -9999 -9999 -9999    11    79 
30  1200  -9999  4136 -9999 -9999 -9999    28    59 
30  1300  -9999  4465 -9999 -9999 -9999    17    43 
30  1400  -9999  4772 -9999 -9999 -9999    33    21 
30  1500  -9999  5107 -9999 -9999 -9999   194    31 
30  1600  -9999  5448 -9999 -9999 -9999   212    47 
30  1700  -9999  5802 -9999 -9999 -9999   189   124 
30  1800  -9999  6129 -9999 -9999 -9999   188   146 
30  1900  -9999  6464 -9999 -9999 -9999   196   100 
30  2000  -9999  6785 -9999 -9999 -9999   206    97 
30  2100  -9999  7099 -9999 -9999 -9999   201   110 
30  2200  -9999  7410 -9999 -9999 -9999   203   121 
30  2300  -9999  7725 -9999 -9999 -9999   200   141 
30  2400  -9999  8021 -9999 -9999 -9999   198   147 
30  2500  -9999  8355 -9999 -9999 -9999   205   162 
30  2600  -9999  8667 -9999 -9999 -9999   213   180 
30  2700  -9999  8950 -9999 -9999 -9999   215   187 
30  2800  -9999  9267 -9999 -9999 -9999   206   202 
30  2900  -9999  9614 -9999 -9999 -9999   197   252 
30  3000  -9999  9952 -9999 -9999 -9999   194   280 
30  3100  -9999 10288 -9999 -9999 -9999   190   303 
30  3200  -9999 10590 -9999 -9999 -9999   190   331 
30  3300  -9999 10943 -9999 -9999 -9999   186   345 
30  3400  -9999 11240 -9999 -9999 -9999   182   358 
30  3500  -9999 11506 -9999 -9999 -9999   182   368 
30  3600  -9999 11840 -9999 -9999 -9999   202   308 
30  3700  -9999 12192 -9999 -9999 -9999   221   239 
30  3800  -9999 12467 -9999 -9999 -9999   220   232 
30  3900  -9999 12731 -9999 -9999 -9999   223   236 
30  4000  -9999 13004 -9999 -9999 -9999   233   231 
30  4100  -9999 13274 -9999 -9999 -9999   234   229 
30  4200  -9999 13583 -9999 -9999 -9999   238   195 
30  4300  -9999 13857 -9999 -9999 -9999   231   184 
30  4400  -9999 14133 -9999 -9999 -9999   229   223 
30  4500  -9999 14412 -9999 -9999 -9999   234   258 
30  4600  -9999 14695 -9999 -9999 -9999   247   275 
30  4700  -9999 15060 -9999 -9999 -9999   258   218 
30  4800  -9999 15353 -9999 -9999 -9999   252   176 
30  4900  -9999 15639 -9999 -9999 -9999   238   150 
30  5000  -9999 15922 -9999 -9999 -9999   217   181 
30  5100  -9999 16212 -9999 -9999 -9999   235   202 
30  5200  -9999 16482 -9999 -9999 -9999   246   209 
30  5300  -9999 16767 -9999 -9999 -9999   267   186 
30  5400  -9999 17081 -9999 -9999 -9999   263   117 
30  5500  -9999 17397 -9999 -9999 -9999   247   142 
30  5600  -9999 17715 -9999 -9999 -9999   252   132 
30  5700  -9999 18014 -9999 -9999 -9999   245   153 
30  5800  -9999 18326 -9999 -9999 -9999   265   142 
30  5900  -9999 18629 -9999 -9999 -9999   249   128 
30  6000  -9999 18931 -9999 -9999 -9999   263   133 
30  6100  -9999 19253 -9999 -9999 -9999   273   107 
30  6200  -9999 19572 -9999 -9999 -9999   244    87 
30  6300  -9999 19902 -9999 -9999 -9999   232   112 
30  6400  -9999 20222 -9999 -9999 -9999   247    78 
30  6500  -9999 20546 -9999 -9999 -9999   247    73 
30  6600  -9999 20876 -9999 -9999 -9999   239   133 
30  6700  -9999 21201 -9999 -9999 -9999   271   128 
30  6800  -9999 21521 -9999 -9999 -9999   276   107 
30  6900  -9999 21841 -9999 -9999 -9999   278    89 
30  7000  -9999 22169 -9999 -9999 -9999   288    93 
30  7100  -9999 22525 -9999 -9999 -9999   278   151 
30  7200  -9999 22887 -9999 -9999 -9999   287   144 
30  7300  -9999 23251 -9999 -9999 -9999   294   176 
30  7400  -9999 23626 -9999 -9999 -9999   295   202 
30  7500  -9999 24009 -9999 -9999 -9999   287   163 
30  7600  -9999 24386 -9999 -9999 -9999   300   177 
30  7700  -9999 24744 -9999 -9999 -9999   316   166 
30  7800  -9999 25095 -9999 -9999 -9999   295   128 
30  7900  -9999 25449 -9999 -9999 -9999   288   122 
30  8000  -9999 25816 -9999 -9999 -9999   286   115 
30  8100  -9999 26181 -9999 -9999 -9999   293   102 
30  8200  -9999 26530 -9999 -9999 -9999   281   132 
30  8300  -9999 26879 -9999 -9999 -9999   276   131 
30  8400  -9999 27235 -9999 -9999 -9999   269   166 
30  8500  -9999 27590 -9999 -9999 -9999   268   193 
30  8600  -9999 27943 -9999 -9999 -9999   250   192 
30  8700  -9999 28308 -9999 -9999 -9999   250   236 
30  8800  -9999 28681 -9999 -9999 -9999   267   291 
30  8900  -9999 29054 -9999 -9999 -9999   269   336 
30  9000  -9999 29384 -9999 -9999 -9999   268   381 
30  9100  -9999 29687 -9999 -9999 -9999   278   386 
