#USM00072558 2025 03 08 12 1110  212 ncdc-nws           413200  -963669
21     0  97904B-8888   -44B  880    17   286    21 
20    15  96697   449B  -34B  649    56   277    47 
20    28  95848   520B  -19B  569    74   299    38 
20    44  94882   600B   -5B  422   112   292    27 
20    46  94768   610B   -3B  405   117   290    26 
20   112  93057   755B   -7B  276   163   245    33 
10   122  92500   803B   -4B  197   203   242    38 
20   125  92276   822B   -2B  166   223   241    40 
20   127  92122   835B   -1B  147   236   243    39 
20   138  91384   900B    7B   69   318   257    33 
20   139  91319   906B    7B   62   329   259    33 
20   207  89687  1050B    3B   10   498   276    42 
20   217  89127  1100B    0B   11   490   284    42 
20   235  88027  1200B   -7B   46   356   292    45 
20   245  87435  1253B  -11B   78   301   294    48 
20   305  86178  1369B  -18B  147   232   283    52 
10   325  85000  1478B  -22B  183   208   290    64 
20   328  84870  1490B  -22B  184   208   292    64 
20   422  82033  1759B  -16B   99   276   315    85 
20   425  81829  1780B  -17B  101   274   315    85 
20   445  80731  1887B  -23B  112   262   310   100 
20   449  80550  1905B  -24B  114   259   311    98 
20   505  79579  2001B  -29B  103   268   315    92 
20   522  78588  2100B  -33B   87   285   317    95 
20   528  78215  2137B  -34B   80   293   319    97 
20   545  77206  2240B  -35B   45   351   324   104 
20   705  72761  2707B  -56B   16   435   315    90 
20   725  71810  2810B  -62B   17   430   318    92 
10   803  70000  3009B  -75B   10   466   315    94 
20   825  69048  3115B  -83B   10   466   310   111 
20   904  67208  3324B  -98B   10   460   310    93 
20   905  67157  3330B  -98B   10   460   310    93 
20   925  66237  3436B -104B   10   431   313   100 
20   945  65337  3541B -112B   10   429   309   110 
20  1025  63637  3742B -127B   10   423   304    96 
20  1038  63097  3807B -130B   10   423   303    87 
20  1045  62770  3847B -132B   11   414   302    83 
20  1118  61305  4026B -144B   27   340   295   106 
20  1125  61020  4062B -146B   24   351   294   107 
20  1151  59913  4200B -156B   10   413   290    98 
20  1205  59289  4279B -161B   10   414   291    89 
20  1212  58985  4317B -163B   10   414   292    92 
20  1305  56877  4590B -180B   22   349   301   110 
20  1325  56139  4688B -188B  139   192   298   126 
20  1345  55369  4789B -198B  210   153   289   116 
20  1425  53847  4996B -213B  336   108   292   113 
20  1426  53791  5004B -213B  338   107   291   112 
20  1445  53109  5096B -219B  246   136   290    94 
20  1455  52712  5154B -222B  204   153   293    95 
20  1522  51853  5273B -228B  329   108   296   103 
20  1545  51047  5388B -234B  309   114   297   118 
10  1616  50000  5539B -246B  303   114   290   130 
20  1625  49723  5580B -249B  306   113   287   133 
20  1725  48010  5833B -271B  342   101   279   145 
20  1745  47384  5929B -280B  371    93   284   151 
20  1805  46788  6018B -288B  409    84   281   158 
20  1817  46492  6064B -291B  423    81   283   163 
20  1825  46281  6096B -294B  423    80   284   167 
20  1830  46154  6116B -295B  423    80   284   168 
20  1845  45763  6176B -300B  419    81   284   169 
20  1905  45176  6268B -306B  394    86   277   154 
20  1945  44080  6442B -317B  348    96   276   154 
20  2030  42820  6647B -333B  301   107   280   163 
20  2105  41914  6796B -347B  317   102   281   172 
20  2145  40919  6963B -362B  334    96   286   163 
10  2222  40000  7121B -376B  354    90   290   178 
20  2225  39921  7134B -377B  357    89   290   181 
20  2305  39007  7293B -392B  382    83   292   174 
20  2325  38553  7373B -400B  393    80   293   181 
20  2338  38244  7428B -405B  396    79   294   176 
20  2345  38094  7455B -407B  395    79   294   174 
20  2446  36613  7724B -429B  347    88   299   168 
20  2526  35719  7890B -440B  415    73   306   152 
20  2545  35304  7968B -445B  389    77   307   140 
20  2625  34443  8133B -456B  319    92   312   152 
20  2645  34034  8212B -463B  307    95   313   148 
20  2724  33148  8387B -470B  240   113   306   136 
20  2725  33125  8392B -470B  239   113   306   135 
20  2751  32553  8505B -466B  201   126   304   132 
20  2825  31604  8703B -476B  163   140   284   131 
20  2905  30641  8906B -493B  151   144   268   173 
10  2935  30000  9045B -503B  145   145   269   180 
20  3105  28275  9429B -525B  115   159   287   227 
22  3112  28137  9461B -526B  110   162   287   232 
20  3139  27652  9573B -525B   89   176   286   244 
20  3205  27184  9683B -526B   73   189   285   249 
20  3206  27162  9688B -527B   73   189   285   250 
20  3225  26831  9767B -522B   63   199   287   254 
20  3313  25976  9978B -512B   48   220   280   248 
20  3340  25510 10095B -516B   38   233   276   243 
20  3345  25425 10117B -515B   37   235   275   242 
10  3411  25000 10226B -512B   32   245   269   245 
20  3505  24126 10458B -500B   21   273   264   274 
20  3514  23985 10496B -499B   19   279   263   274 
20  3525  23823 10540B -499B   17   288   262   273 
20  3605  23224 10707B -487B   10   323   266   290 
20  3612  23116 10738B -485B   10   325   265   285 
20  3625  22906 10798B -479B   10   328   264   276 
20  3645  22612 10883B -470B   10   329   263   274 
20  3648  22560 10898B -468B   10   328   264   277 
20  3705  22315 10971B -470B   10   326   265   289 
20  3733  21891 11098B -474B   10   324   264   309 
20  3742  21749 11140B -476B   10   325   263   317 
20  3825  21122 11334B -472B   10   327   262   340 
20  3836  20959 11385B -472B   10   326   262   339 
20  3905  20534 11520B -475B   10   324   258   336 
20  3925  20237 11617B -476B   10   324   260   327 
10  3942  20000 11694B -478B   10   323   260   330 
20  4005  19675 11802B -480B   10   323   260   345 
20  4013  19561 11841B -481B   10   322   260   344 
20  4037  19228 11954B -484B   10   322   260   336 
20  4045  19114 11993B -484B   10   323   260   331 
20  4053  19000 12032B -483B   10   323   260   332 
20  4104  18853 12083B -482B   10   323   259   333 
20  4134  18431 12232B -487B   11   320   255   351 
20  4205  17999 12388B -493B   10   319   252   379 
20  4211  17918 12418B -493B   10   320   253   378 
20  4224  17738 12484B -493B   10   319   254   377 
20  4254  17345 12630B -491B   10   322   255   360 
20  4305  17203 12684B -489B   10   321   255   351 
20  4345  16694 12881B -492B   10   321   259   357 
20  4405  16445 12980B -491B   10   321   256   350 
20  4412  16362 13013B -490B   10   321   256   352 
20  4445  15962 13175B -492B   10   320   252   365 
20  4522  15553 13346B -495B   10   318   255   380 
20  4546  15300 13453B -497B   10   318   256   378 
20  4605  15097 13540B -497B   10   318   256   377 
10  4614  15000 13582B -498B   10   318   256   380 
20  4625  14894 13629B -499B   10   318   256   384 
20  4640  14742 13695B -500B   10   318   256   377 
20  4645  14690 13719B -500B   10   318   256   374 
20  4656  14577 13769B -499B   10   319   255   378 
20  4705  14486 13810B -499B   10   319   254   381 
20  4707  14469 13818B -499B   10   319   254   382 
20  4723  14302 13894B -499B   10   318   255   396 
20  4745  14088 13992B -501B   10   317   257   410 
20  4841  13540 14251B -503B   10   317   259   382 
20  4857  13387 14325B -503B   10   317   260   374 
20  4905  13311 14362B -503B   10   317   260   369 
20  5045  12370 14840B -512B   11   312   258   350 
20  5057  12245 14906B -515B   11   311   258   354 
20  5125  11969 15053B -521B   11   310   260   361 
20  5135  11865 15110B -522B   11   310   260   352 
20  5204  11579 15268B -521B   10   312   262   335 
20  5216  11474 15327B -520B   10   312   264   330 
20  5225  11396 15371B -520B   10   312   266   327 
20  5243  11239 15460B -521B   10   312   265   317 
20  5245  11219 15472B -521B   10   312   265   316 
20  5258  11106 15538B -521B   10   313   261   317 
20  5325  10893 15663B -521B   10   312   256   315 
20  5405  10572 15856B -527B   11   307   254   290 
20  5432  10321 16011B -539B   11   303   250   317 
20  5445  10212 16079B -543B   11   302   248   330 
10  5511  10000 16213B -550B   11   301   250   343 
20  5645   9295 16677B -575B   11   293   260   362 
20  5659   9196 16745B -578B   11   292   262   361 
20  5724   9025 16863B -584B   11   293   264   355 
20  5752   8822 17006B -582B   10   295   269   338 
20  5804   8713 17084B -582B   11   294   271   318 
20  5845   8384 17325B -593B   11   289   278   251 
20  5858   8272 17410B -599B   11   286   278   240 
20  5925   8034 17592B -613B   11   283   273   203 
20  5945   7843 17739B -622B   11   283   275   182 
22  6004   7696 17857B -628B   11   282   261   148 
20  6025   7560 17967B -629B   11   282   251   136 
20  6031   7520 18000B -630B   11   283   250   144 
20  6045   7433 18071B -626B   10   286   248   161 
20  6105   7303 18181B -611B    9   294   256   174 
20  6140   7095 18361B -578B    9   303   277   134 
10  6157   7000 18446B -571B    9   304   288   103 
20  6205   6955 18487B -569B   10   304   297    90 
20  6218   6885 18551B -567B   10   302   301    90 
20  6225   6847 18587B -568B   10   301   304    90 
20  6325   6519 18896B -575B   10   297   278   101 
20  6425   6200 19213B -565B   10   300   301   143 
20  6432   6165 19250B -564B   10   300   302   139 
20  6505   6010 19412B -569B   11   297   306   109 
20  6608   5708 19736B -587B   11   289   327    88 
20  6625   5624 19829B -591B   11   290   329    71 
20  6705   5415 20066B -595B   11   289   285    30 
20  6725   5319 20179B -597B   11   289   237    36 
20  6805   5129 20405B -598B   11   290   259    63 
20  6806   5123 20413B -598B   11   290   259    63 
20  6825   5038 20517B -596B   10   292   253    64 
10  6833   5000 20565B -595B   10   292   246    63 
20  6845   4946 20633B -595B   10   292   236    62 
20  6914   4827 20785B -593B   11   291   254    47 
20  7005   4620 21059B -589B   10   294   293    29 
20  7025   4541 21168B -585B   10   297   231    10 
20  7045   4464 21274B -580B   10   298   235    24 
20  7103   4393 21376B -575B   10   300   234    29 
20  7125   4308 21500B -572B   10   298   277    32 
20  7142   4246 21591B -571B   11   297   288    23 
20  7145   4235 21606B -572B   11   297   291    21 
20  7205   4161 21719B -575B   11   295   300    24 
20  7225   4085 21834B -579B   11   292   274    15 
20  7305   3943 22057B -585B   11   291   203    60 
20  7316   3907 22116B -586B   11   292   207    66 
20  7345   3808 22277B -579B   10   297   230    74 
20  7425   3675 22502B -568B   10   299   270    53 
20  7445   3606 22621B -566B   11   298   266    60 
20  7530   3458 22887B -564B   11   297   320    79 
20  7545   3410 22975B -564B   11   295   332    96 
20  7625   3282 23218B -566B   11   295   356    53 
20  7645   3217 23344B -567B   11   294    77    22 
20  7705   3154 23469B -568B   12   293   156    11 
20  7725   3092 23597B -569B   12   292    65    15 
20  7744   3035 23715B -572B   12   290    74    25 
20  7745   3031 23723B -572B   12   290    75    26 
10  7755   3000 23787B -573B   12   290   104    24 
20  7811   2950 23894B -574B   12   290   157    27 
20  7826   2920 23971B -574B   12   291   180    38 
