936 
FBCN33 KWNO 081958
FD3CN3
DATA BASED ON 081800Z    
VALID 090600Z   FOR USE 0300-1200Z. TEMPS NEG ABV 24000

FT    24000  30000  34000  39000  45000  53000
YVR 1826-50 270947 281244 311643 322047 331552
YYF 2326-50 271451 291746 302344 312446 301151
YXC 2618-50 261654 281749 302345 302345 290950
YYC 2207-50 251055 281051 301147 311345 351248
YQL 2309-50 251655 261850 272147 292345 311449
YEA 2415-50 241755 241552 251548 271145 330648
YZP 0356-40 520146 027047 013744 022949 361853
YZT 1017-49 031545 011742 351942 362347 351452
YPU 9900-49 031448 011744 361843 352147 351651
YXS 1408-50 021051 012046 012344 362246 361650
YYD 0206-48 025146 024446 013244 363149 011651
YDL 0184-35 369048 368052 015250 012650 011551
YKA 9900-50 990051 311246 321844 331946 331351
YJA 3009-50 990054 341048 361445 341245 021350
YEG 2808-50 990055 990050 360746 361445 360948
YXE 2423-49 241755 231451 231448 231046 990049
YZH 1209-50 990055 020750 021445 031345 031249
YXJ 3007-50 011052 012147 012544 012546 021949
YYE 2605-50 362547 013046 012945 012546 042049
YQH 0181-35 367948 367151 364950 012749 011551
YXY 3560-32 347947 349656 355558 352752 351253
YDB 3249-31 326847 318356 345161 342453 351054
YMA 3247-33 326648 329156 334457 332452 351253
YOC 2820-37 273351 283153 283752 282349 281352
YEV 3229-37 323551 323354 301251 311449 290751
YVQ 3668-37 355949 355350 363749 361948 340950
YFS 2521-49 352347 362745 362645 022146 021948
YOD 1121-50 140855 990051 990047 990045 990048
YMM 1514-50 150758 990051 041246 071345 081048
YOJ 9900-50 360552 011348 021545 021546 041649
YSM 2516-51 250754 990048 040945 040945 050948
YZF 2717-51 300749 350947 021145 031445 041748
YIX 9900-47 021746 021945 031943 031746 041148
YQR 2525-49 243754 243352 242949 242247 230949
YBR 2637-47 265453 254352 253549 242748 241151
YWG 2642-46 265952 264651 253650 252949 241251
YQT 2658-41 266654 265254 264153 273252 271652
WUJ 2405-50 251553 241849 241947 231548 220649
WUI 2728-49 252654 252551 242448 242047 230850
YQD 1012-50 190555 220851 211047 200846 990049
YVC 1115-49 131057 170552 990047 990046 120648
YFN 2808-49 230659 990051 080546 081245 070749
YYL 2912-49 260857 170551 200647 150745 150549
WUC 2008-49 220753 211149 201347 181348 990050
YYQ 1744-47 174453 173450 162447 171948 150851
WUD 1666-41 167853 166857 163851 162750 131153
WUB 2909-48 140849 131147 111345 111345 091249
YEI 3019-50 270752 170549 140747 131144 101349
YBK 1531-46 153448 153448 142847 131946 121649
YRT 1651-44 164848 164148 163349 152346 131450
YZS 1749-38 165353 175459 164055 152651 131453
YRL 2730-48 264251 263749 252948 252249 241151
YTL 1712-49 191650 201848 211848 190949 220751
WUE 1640-45 164952 163453 192251 171351 990051
YYW 2549-44 256350 264251 253351 262151 271151
YMO 2619-41 202054 201457 201756 200953 990053
YYU 2634-41 273255 262758 271954 282153 281352
YYB 3128-39 312954 303457 302855 293155 282054
YAM 2739-39 284453 284657 274656 293454 281854
YVV 3035-39 304252 305057 295356 303356 282455
YQG 2954-35 800348 791856 297858 286659 282859
YYZ 3141-38 305251 306156 295855 303656 282756
YOW 3315-39 331952 322456 312554 312754 302255
YSC 3512-38 011252 351158 331955 311954 321755
YQB 3517-38 351552 351658 351857 321553 331555
XUH 3510-39 020652 990059 330956 311354 300954
WUF 0908-38 080952 101159 090558 990054 080754
YMV 0471-43 035950 035251 042849 041951 051355
YNI 0530-39 043752 053959 042557 071254 081455
YGW 1424-38 143052 153160 152558 141853 120954
WUG 1130-37 102552 112460 111760 101253 091556
YPH 1538-38 154352 154360 153058 142653 121754
YTE 1736-37 173752 163759 162957 142553 131154
YZV 0249-41 015052 024154 022552 041452 031255
YWK 0642-40 064553 054157 053053 052052 052156
YKL 0749-39 075253 075159 053356 061853 051356
YVP 0728-37 083453 072960 081961 071753 081955
YYY 3541-38 354152 353958 012854 011253 021054
YQI 3428-37 341952 332358 322655 322452 341354
YFC 3440-38 333352 333159 342853 341852 341854
YQM 3360-38 335851 334956 352750 361551 011154
YHZ 3347-37 335052 334057 332551 332051 350753
YSA 3341-37 333751 332956 322349 322149 341353
YQY 3148-38 314148 322951 341648 341649 360853
FVP 2716-38 231948 281551 361146 020649 990053
YYT 1716-36 194550 202755 990048 080548 990053
YJT 0418-42 011045 010946 011546 041449 030554
YQX 9900-39 202348 990049 061247 030650 990053
YAY 0751-42 073048 072249 052048 051549 051254
YGR 3355-39 334447 353649 361947 021451 341054
YNA 0549-43 044546 043747 032447 042051 041155
YEO 0572-42 056951 044852 043550 042350 051455
YYR 0668-42 067853 065654 053650 042450 061655
YHO 0555-40 066653 066559 053654 052452 062054
YSV 0543-37 054752 054360 052759 041953 051854
UHA 1315-36 112352 101861 112061 081653 071655
YFB 2805-36 270752 280561 060558 061455 071454
WFA 0157-37 016351 015558 033955 032652 052155
YCO 9900-47 071346 051545 051543 041545 031649
YCB 1252-45 123750 132748 112245 101246 081150
YYH 1550-42 166953 155253 153149 152149 101451
YUX 2126-37 223553 213059 192555 181952 140753
YUW 2723-38 283151 272657 271254 281254 990054
YVN 3343-37 334552 334059 342756 362554 021654
YSY 0137-39 362850 362150 011348 020548 990050
WUA 1541-41 143352 132351 121447 080947 990049
YRB 2018-41 192551 192556 191753 190749 990050
YAB 2017-40 212151 201756 211255 231050 990051
WFB 3256-39 325551 324856 323752 332351 351352
WFC 3661-38 355951 355157 364054 012552 021952
YMD 0417-40 040851 170552 240748 230648 990051
YIC 1305-41 210552 241653 261949 271648 280951
YEU 2723-41 282554 283055 283050 292448 292351
WZJ 3054-42 306255 305254 304049 314248 303149
XCN 3115-41 313152 313354 313051 322449 312151
YZG 1630-37 162953 163060 152058 121754 131355
YNC 1521-39 153352 153560 161957 160954 120653
YTF 3618-38 361752 361959 351757 341254 011254
YMT 0305-38 060852 060759 020658 320654 020654
YGP 3563-40 355449 364252 012950 021551 021155
YRI 3527-38 362252 352459 352455 341753 341154
YVO 3214-39 990053 310957 281456 301754 291354
YMW 3310-39 990052 331557 312055 312554 301754
YNM 2405-39 161253 170959 250656 270854 280654
YAH 0718-37 072252 072360 071359 111354 090955
YIF 0748-43 064147 063347 052247 041949 071653
WDG 2425-42 244054 243553 243149 253048 262550
WCM 1223-44 081846 061746 061544 061246 060949
WCK 2609-41 272054 252352 222149 231548 240650
VBI 2761-43 266352 265452 263850 262850 251052
WKZ 1631-48 164053 173251 182148 161748 140751
WLR 1640-38 164853 164859 163957 152752 131854
WKJ 2720-51 270550 990048 080645 060744 050749
WPM 1321-34 153250 163556 131549 130749 210952
WJQ 2039-42 213355 223453 214049 212846 212749
WRS 2511-42 232155 232654 223048 222846 252250
WLL 2154-44 225855 214652 224849 225146 234248
XBT 2742-44 274855 274852 274849 275247 274049
YUL 3318-38 351352 341257 322255 322454 301654
WPV 3343-38 335252 334358 343055 362753 021453
WOP 3563-38 356250 355354 354151 012750 021951
WOM 0447-38 055352 055059 043257 042453 052554
WOX 0348-39 025852 035456 043352 032150 041353
YLT 3252-44 316254 315752 315248 314947 313947
WKQ 3154-45 305455 305753 305848 305747 304648
WFK 2951-44 295156 295253 295849 295747 294748
XDH 2516-40 251851 261957 251954 260950 320751
XAA 2246-46 214856 224952 235249 225548 235448
XAB 2446-45 244856 244952 255449 255647 254848
XAD 2951-44 285155 285352 285749 285747 284748
XAE 3255-45 315655 315853 315848 315646 314548
XBA 2147-42 225557 214453 214548 214346 224549
XBB 2620-42 243055 233354 243448 243347 252750
XBM 2516-41 252254 252854 262549 272348 282151
XBS 3254-43 326555 325654 324248 324047 312749
XCB 2806-41 241755 232353 222748 222547 261650
XCC 1010-40 130751 190952 240949 251248 270551
XCE 2642-41 264352 263055 251851 281249 291251
XCF 2814-41 292852 302954 292751 312149 311651
XDA 2133-42 223055 233353 213649 212246 201850
XDB 3408-41 281253 281552 211349 231747 230550
XDC 0331-39 042050 050851 990048 990048 990050
XDD 1834-41 172751 161652 130948 990048 990050
XDF 3142-40 314952 314356 302752 312250 331551
XEE 2614-39 252652 252553 281850 281448 250852
XEF 3429-39 343350 342651 351150 321148 990051
XEH 0224-42 022846 022546 031945 040847 030849
XEJ 1745-39 185853 174357 162951 171950 111152
XEK 3257-39 325451 334956 333753 332652 361152
XDJ 2348-45 234956 235152 235549 235747 235048
