0 0 0
0 0 0
0 0 0
0 0 0
0 0 0
0 0 0
0 0 0
0 0 0
0 0 0
0 0 0
0 0 0
0 0 0
0 0 0
0 0 0
0 0 0
0 0 0
0 0 0
0 0 0
0 0 0
0 0 0
0 0 0
0 0 0
0 0 0
0 0 0
0 0 0
0 0 0
0 0 0
0 0 0
0 0 0
0 0 0
0 0 0
0 0 0
0 0 0
0 0 0
0 0 0
0 0 0
0 0 0
0 0 0
0 0 0
0 0 0
0 0 0
0 0 0
0 0 0
0 0 0
0 0 0
0 0 0
0 0 0
0 0 0
0 0 0
0 0 0
0 0 0
0 0 0
0 0 0
129 3 8
129 3 8
131 4 10
131 4 10
126 12 8
126 12 8
139 17 13
139 17 13
139 22 10
139 22 10
142 27 11
142 27 11
155 28 16
155 28 16
156 34 13
156 34 13
164 37 18
164 37 18
168 41 17
168 41 17
174 48 17
174 48 17
178 57 18
178 57 18
180 61 19
180 61 19
187 63 20
187 63 20
192 67 21
192 67 21
199 74 22
199 74 22
207 76 24
207 76 24
207 84 27
207 84 27
218 86 26
218 86 26
221 89 30
221 89 30
226 96 28
226 96 28
227 102 29
227 102 29
237 103 30
237 103 30
233 108 31
233 108 31
242 114 34
242 114 34
254 132 38
254 132 38
251 143 40
251 143 40
254 149 45
254 149 45
252 154 50
252 154 50
254 163 57
254 163 57
254 169 64
254 169 64
254 176 73
254 176 73
252 187 71
252 187 71
254 193 76
254 193 76
255 199 96
255 199 96
252 211 88
252 211 88
255 211 101
255 211 101
255 226 103
255 226 103
248 233 118
248 233 118
243 244 125
243 244 125
253 245 130
253 245 130
255 254 136
255 254 136
249 254 135
249 254 135
239 254 138
239 254 138
227 254 135
227 254 135
212 254 135
212 254 135
198 254 139
198 254 139
188 254 132
188 254 132
174 253 134
174 253 134
159 254 136
159 254 136
145 253 135
145 253 135
133 254 134
133 254 134
137 252 124
137 252 124
131 254 138
131 254 138
132 254 154
132 254 154
133 253 164
133 253 164
135 255 181
135 255 181
134 255 196
134 255 196
131 255 217
131 255 217
134 255 255
134 255 255
132 254 244
132 254 244
133 255 254
133 255 254
130 252 255
125 246 255
117 240 253
111 234 254
114 222 251
98 223 250
93 214 254
83 206 254
81 201 253
71 196 253
66 188 253
64 182 253
57 176 252
49 168 253
45 162 253
40 156 253
34 150 253
31 143 252
26 137 252
23 130 252
23 127 252
26 121 243
31 114 241
32 110 232
37 99 227
40 101 227
43 92 210
51 82 210
59 78 197
63 71 193
67 66 180
78 58 183
81 53 173
76 49 172
99 34 159
93 37 156
114 26 147
107 26 139
121 21 137
255 255 255
255 255 255
255 255 255
255 255 255
255 255 255
255 255 255
255 255 255
255 255 255
255 255 255
255 255 255
255 255 255
0 0 0
0 0 0
0 0 0
0 0 0
0 0 0
0 0 0
0 0 0
0 0 0
0 0 0
0 0 0
0 0 0
0 0 0
0 0 0
0 0 0
0 0 0
0 0 0
0 0 0
0 0 0
0 0 0
0 0 0
0 0 0
0 0 0
0 0 0
0 0 0
0 0 0
0 0 0
0 0 0
0 0 0
0 0 0
